2.439021573174113 0.1474721442663034
2.47848402581917 0.233033588966999
2.506107742670709 0.3011504672724068
2.5416239500512603 0.41661688293645227
2.5889788932253284 0.6497095177230077
2.5758247423436433 0.5246070558596605
2.6442263269284085 0.9521373814838481
2.6915812701024766 1.1836240085705199
2.6915812701024766 1.268908555391925
2.7178895718658476 1.3807752986251969
2.7515641981229626 1.4791927162929412
2.7926051488738217 1.603844230181444
2.827332107201472 1.6855844841479337
2.928355985972817 1.7754806392862466
3.0467433439079876 1.7191445071179154
3.0862057965530445 1.6709642761214072
3.196700663959204 1.4627370708951193
3.3356084972698037 1.2611554147717974
3.417690398771522 1.1865037465151387
3.5439702472357038 1.1157588556099207
3.69392756728692 1.0761876314058925
3.970164735802318 1.080416617198689
4.143799527440567 1.0831352509226302
4.317434319078817 1.0435640267186015
4.4673916391300335 0.9877187589726488
4.755906015135006 0.8572537081803797
4.917263599283682 0.8233546950793884
5.090898390921932 0.8112718785285398
5.264533182560182 0.8233546950793884
5.438167974198432 0.867456975489985
5.611802765836682 0.9390476635537626
5.738082614300863 0.9924537127085125
6.006427292287251 1.107300884024327
6.180062083925501 1.1230085455404302
6.353696875563751 1.1118319402308954
6.503654195614967 1.0903094232496966
6.64571902513717 1.0562509840969923
7.071913513703784 0.9698588457584258
7.3323657011611605 0.9698588457584258
7.90851750977899 0.9770581906199731
8.058474829830205 0.9917891577982161
8.60305667633199 0.9972717358081633
8.863508863789365 0.9919099859637242
9.01938555173734 0.9960256953513569
9.155531013362785 1.0064093658247426
9.91518322678013 1.0084860999194194
10.023704971554036 1.0097321403762258
10.40254451694658 0.9906261867051969
2.3644251626898054 0.04566210045662045
2.2776572668112802 0.018264840182648623
2.62472885032538 0.8036529680365292
2.6681127982646426 1.0684931506849313
3.2537960954446863 1.3698630136986298
4.598698481561824 0.9223744292237441
6.811279826464208 1.0136986301369864
7.592190889370933 0.968036529680365
8.351409978308027 0.9863013698630132
9.47939262472885 1.0045662100456618
