2.4908294038618592 0.12788653136861328
2.5302064399427486 0.21515771059381583
2.5617080688074623 0.43750670766390787
2.5617080688074623 0.3152628867639007
2.6010851048883517 0.7041329941938459
2.608960512104531 0.8667397354855093
2.6168359193207067 0.9554959915000483
2.6483375481854203 1.0583513098726076
2.656212955401596 1.195033377335608
2.6861395028230746 1.306634147912038
2.695589991482489 1.43438742035767
2.711340805914844 1.537059395916732
2.7349670275633784 1.6445441203301243
2.742842434779554 1.7347029488679246
2.7585932492119127 1.8425085232049394
2.817096274246378 1.9702984642132715
2.8958503464081566 2.046752417442072
2.9712292440487182 1.9198333547978574
2.9909177620891647 1.826466027023836
3.018481687345787 1.7314944496317044
3.049983316210497 1.6179135766694928
3.083060026518446 1.5065144831879107
3.105111166723745 1.408719426467905
3.127162306929044 1.3140045290146705
3.1602390172369894 1.208509074127735
3.205916379090823 1.0983933803406414
3.2405681708420033 0.992127885637013
3.3019963471281955 0.8985680479088183
3.4358782698032186 0.8133386409248473
3.5540093780458903 0.8494780095946419
3.6437890203103187 0.9459254966354353
3.7115175223694514 1.01214892087103
3.766645372882696 1.0942865013182792
3.857212555868742 1.1979210266482068
3.9162781099900776 1.26048676175451
3.9871567749356807 1.3679073161831776
4.113163290394528 1.4601720869469346
4.254920620285734 1.4395210191356234
4.341550099663692 1.3528915397576653
4.404553357393116 1.2681871599214394
4.462306343645089 1.1648734845151338
4.519534302749314 1.084532663640168
4.593563130581387 0.9938604752245723
4.66444179552699 0.9081935456174803
4.758946682121124 0.8141386822928403
4.90070401201233 0.7345845687630672
5.058212156335891 0.6827429992857081
5.278723558388872 0.6463800079418736
5.451982517144788 0.6750814920186117
5.60161525425217 0.739747335715895
5.703995548062487 0.8234891657812549
5.782749620224266 0.9074235058007871
5.861503692386044 0.9990582439872497
5.940257764547827 1.0884928684117323
5.995385615061071 1.1372803910836362
6.127298685932054 1.2354604677119885
6.401531615781106 1.2060339461455079
6.674245717095616 1.097623340523949
6.814427965543583 1.0525760112474103
7.034939367596568 0.9697967309529174
7.239699955217198 0.9601712332442554
7.515339207783427 0.9862475815822669
7.688598166539343 1.0030484503101134
7.861857125295259 0.9995482693251452
8.035116084051175 0.988347690173248
8.476138888157145 0.944945445959644
8.649397846913061 0.936545011595721
8.822656805668977 0.9330448306107533
8.995915764424893 0.9550959708160516
9.16917472318081 0.9928979254537058
9.318807460288191 1.0230578182741805
9.578695898422065 1.0674517804335246
9.751954857177981 1.0625515270545693
9.925213815933898 1.0527510202966588
10.098472774689814 1.0352501153718188
10.200853068500127 1.021774418579692
10.53949557879578 0.9832724277450442
10.707504266074245 0.9569627340080342
2.445887445887447 0.04232804232804188
2.597402597402599 0.5714285714285712
6.558441558441558 1.1428571428571423
8.268398268398268 0.9629629629629628
10.324675324675322 1.0052910052910047
