46.54545454545455 0.06607929515418398
48.69297436843077 0.17037087507036652
50.01604278074868 0.30060131488414754
51.074497510602995 0.4039842486440115
52.00064539922553 0.5342146884577925
52.794486446616276 0.6608387468613444
53.58832749400702 0.7618174263477222
54.27632306841234 0.8759393625291523
55.138207634150845 0.9997241111240172
55.969850636179245 1.1224555673704995
56.869537156555424 1.2442711172270808
57.9544532546561 1.3753029751320245
59.14521482574223 1.4885433514131758
60.732896920523714 1.602848468872585
62.98211322146415 1.703964534317448
65.49594320486815 1.8015238299482021
67.7451595058086 1.906042106003877
69.59745528305368 2.0152353209246616
71.05283053660338 2.122304777903869
72.37589894892128 2.2367472813217635
73.69896736123917 2.3559982932866284
75.02203577355709 2.477172708670282
76.2127973446432 2.587047128968555
77.27125207449754 2.688025808454932
78.51493638207637 2.8099215001206304
79.38816153420618 2.914025710162539
80.44661626406051 3.017408643922402
81.50507099391481 3.1414681644342366
83.22505992992811 3.373478701825557
84.548128342246 3.474457381311934
86.0035035957957 3.578802016781191
88.25271989673615 3.6834963619629555
91.16347040383553 3.7499412073392726
93.80960722847135 3.7185159040070532
95.7942098469482 3.610858740427661
97.24958510049791 3.504270134303151
98.5726535128158 3.3984829462698034
99.8957219251337 3.284040442851909
101.21879033745162 3.175368149690378
102.54185874976952 3.055540116699876
103.46800663839204 2.9585044142220154
105.71722293933249 2.725978679486377
107.43721187534578 2.5842421656494894
108.89258712889546 2.4790961120890698
111.2300079906571 2.32538412220425
112.72948552461739 2.228813242219262
115.90484971418036 2.029861201088364
117.88945233265721 1.910593015878689
119.60944126867051 1.8124765438607469
121.32943020468377 1.707948727113509
123.31403282316063 1.6055103218182296
125.69555596533286 1.500564622780601
128.47399963120046 1.4103832306678754
131.38475013829986 1.3303871339319144
134.29550064539924 1.2656908371181306
137.20625115249865 1.2219771230547636
140.11700165959803 1.1769519975694962
143.02775216669744 1.1310525978029613
145.93850267379682 1.0938959408490998
148.8492531808962 1.0401280725511572
151.7600036879956 0.9745575014561076
154.670754195095 0.9164182617518293
157.5815047021944 0.857841884906918
160.49225520929377 0.7883370795461655
162.60916466900244 0.724952194154282
166.57836990595615 0.6047394804800241
170.1818181818182 0.4757709251101314
173.09090909090912 0.3436123348017617
175.09893048128347 0.2450630411666399
178.18181818181822 0.11894273127753152
