48.26612903225805 0.03174603174603163
51.169354838709694 0.0952380952380949
54.07258064516128 0.1587301587301546
56.612903225806406 0.25396825396825307
59.80704663678591 0.3052952981959045
62.711928695282324 0.3591980853644152
65.4231519498789 0.45237290318426204
68.03754580252564 0.5979104285392296
70.15018729961395 0.8693494639234984
71.60262832886212 1.1199974242570576
72.79098917097429 1.3746880936282544
73.84730991951841 1.6403518303873277
75.03567076163057 1.9308493512347482
75.82791132303868 2.178417152301531
76.62015188444673 2.4498561876858
77.3067603710004 2.7162899642615663
78.07259291369496 2.9965844575378036
78.86483347510301 3.3007501851315233
79.63066601779758 3.6079960719920123
80.2116424294968 3.8898306449016395
80.95106695347772 4.169355098361184
81.53204336517695 4.451189671270807
82.29787590787146 4.754200339139487
83.18443082182819 5.099343185550083
84.01439712425571 5.4318353778292945
84.80663768566382 5.732150906339548
85.63660398809134 6.011840368331242
86.52315890204801 6.298130171608875
87.71151974416017 6.615771595994719
89.82416124124842 6.891935875708697
92.46496311260876 6.860900937641979
94.31352442256099 6.564948968092985
95.50188526467315 6.277916626420684
96.47017928417193 5.953537353638776
97.28442652784139 5.706574583856529
98.14268713603349 5.4202847805789
99.2650279313616 5.123819451152109
99.85920835241768 4.98136208506391
101.4436894752339 4.495081940822306
102.50001022377802 4.217525366894311
103.42429087875416 3.9187071380276244
104.48061162729829 3.6530434012685546
105.53693237584241 3.407593209697673
106.59325312438654 3.165030667439389
107.7816139664987 2.905719759168033
109.1020149021789 2.6354357835088074
110.55445593142707 2.35360121059918
112.13893705424323 2.0879374738401104
113.85545827062748 1.8371245049744012
115.83605967414775 1.5999247400109446
118.34482145194005 1.3518494127013412
121.2497035104364 1.1344881735348267
124.10176953150557 0.9386530474258663
126.29032258064512 0.7936507936507944
127.85170818883722 0.6903152065423868
130.75659024733363 0.5748092340384403
133.66147230583 0.4887047818082273
136.56635436432634 0.44985277287508296
139.4712364228227 0.4278016326697873
142.3761184813191 0.43935222992018197
145.28100053981547 0.4530029357615568
148.18588259831182 0.48555461892176055
151.09076465680818 0.5506579852421645
153.9956467153046 0.6283620031084496
156.90052877380094 0.7155165096341527
159.8054108322973 0.824722156365155
162.71029289079365 0.9297275859141934
165.61517494929 0.9822303006887196
168.52005700778642 0.9559789433014565
171.42493906628278 0.828922373547119
174.32982112477913 0.6115611343806044
177.23470318327549 0.36164821205388975
