# Radial distribution function (225 data points):
# "Pair separation distance" g(r)
0.0266666667 0.0 
0.08 0.0 
0.1333333333 0.0 
0.1866666667 0.0 
0.24 0.0 
0.2933333333 0.0 
0.3466666667 0.0 
0.4 0.0 
0.4533333333 0.0 
0.5066666667 0.0 
0.56 0.0 
0.6133333333 0.0 
0.6666666667 0.0 
0.72 0.0 
0.7733333333 0.0 
0.8266666667 0.0 
0.88 0.0 
0.9333333333 0.0 
0.9866666667 0.0 
1.04 0.0 
1.0933333333 0.0 
1.1466666667 0.0 
1.2 0.0 
1.2533333333 0.0 
1.3066666667 0.0 
1.36 0.0 
1.4133333333 0.0 
1.4666666667 0.0 
1.52 0.0 
1.5733333333 0.0 
1.6266666667 0.0 
1.68 0.0 
1.7333333333 0.0 
1.7866666667 0.0 
1.84 0.0 
1.8933333333 0.0 
1.9466666667 0.0 
2.0 0.0 
2.0533333333 0.0 
2.1066666667 0.0 
2.16 0.0 
2.2133333333 0.0 
2.2666666667 0.0 
2.32 0.0 
2.3733333333 0.0019492549 
2.4266666667 0.0075678871 
2.48 0.0348642067 
2.5333333333 0.094899463 
2.5866666667 0.2168026861 
2.64 0.3965301495 
2.6933333333 0.6505776556 
2.7466666667 0.9272451342 
2.8 1.204317119 
2.8533333333 1.4039726586 
2.9066666667 1.5248506277 
2.96 1.6336031588 
3.0133333333 1.6299918366 
3.0666666667 1.6180200791 
3.12 1.5736582558 
3.1733333333 1.5420538344 
3.2266666667 1.4855445576 
3.28 1.4312049404 
3.3333333333 1.3883956709 
3.3866666667 1.3160595856 
3.44 1.2947293011 
3.4933333333 1.2479811891 
3.5466666667 1.2191519249 
3.6 1.2004411779 
3.6533333333 1.1786161871 
3.7066666667 1.1811866487 
3.76 1.1759689219 
3.8133333333 1.1799896686 
3.8666666667 1.1852493081 
3.92 1.2038222326 
3.9733333333 1.2200383066 
4.0266666667 1.2314327472 
4.08 1.2522960084 
4.1333333333 1.2755691492 
4.1866666667 1.2678548839 
4.24 1.2692821759 
4.2933333333 1.2496807171 
4.3466666667 1.2316463746 
4.4 1.2150129967 
4.4533333333 1.1766101741 
4.5066666667 1.1439987195 
4.56 1.0991026978 
4.6133333333 1.0576890352 
4.6666666667 1.0213741863 
4.72 0.9789701601 
4.7733333333 0.9489938825 
4.8266666667 0.9093158298 
4.88 0.8766940581 
4.9333333333 0.8426062145 
4.9866666667 0.8178215833 
5.04 0.7936376213 
5.0933333333 0.7763345143 
5.1466666667 0.7537903253 
5.2 0.7498734671 
5.2533333333 0.7355929103 
5.3066666667 0.7230831749 
5.36 0.7353612555 
5.4133333333 0.7327544669 
5.4666666667 0.740422243 
5.52 0.7447318567 
5.5733333333 0.7630671904 
5.6266666667 0.7806973826 
5.68 0.8043416993 
5.7333333333 0.8377450226 
5.7866666667 0.867971167 
5.84 0.9071671407 
5.8933333333 0.938576908 
5.9466666667 0.9793490537 
6.0 1.021205091 
6.0533333333 1.0569603525 
6.1066666667 1.081237518 
6.16 1.1210450248 
6.2133333333 1.1310618765 
6.2666666667 1.1537643448 
6.32 1.1610689754 
6.3733333333 1.1616443742 
6.4266666667 1.1661956671 
6.48 1.1678003953 
6.5333333333 1.16114239 
6.5866666667 1.1531176619 
6.64 1.1362524279 
6.6933333333 1.133512575 
6.7466666667 1.1179177601 
6.8 1.1163619972 
6.8533333333 1.1032609502 
6.9066666667 1.0922853842 
6.96 1.0806236601 
7.0133333333 1.069950134 
7.0666666667 1.0709464393 
7.12 1.0574973986 
7.1733333333 1.0480688116 
7.2266666667 1.0446265864 
7.28 1.0340820818 
7.3333333333 1.0271193436 
7.3866666667 1.0203525058 
7.44 1.011716708 
7.4933333333 1.011193758 
7.5466666667 1.0034269402 
7.6 1.000720431 
7.6533333333 0.9940000513 
7.7066666667 0.9921440416 
7.76 0.9865424405 
7.8133333333 0.9887152598 
7.8666666667 0.9916050268 
7.92 0.9835261413 
7.9733333333 0.9754106571 
8.0266666667 0.9762367602 
8.08 0.9769252827 
8.1333333333 0.9670153238 
8.1866666667 0.9701359533 
8.24 0.9605855476 
8.2933333333 0.9670913613 
8.3466666667 0.9581827118 
8.4 0.9621365374 
8.4533333333 0.9623997361 
8.5066666667 0.9575272997 
8.56 0.9591280392 
8.6133333333 0.9569772587 
8.6666666667 0.9620970524 
8.72 0.9690525172 
8.7733333333 0.9698934095 
8.8266666667 0.9724159643 
8.88 0.9741717314 
8.9333333333 0.985193556 
8.9866666667 0.9820769708 
9.04 0.9925340076 
9.0933333333 0.9970937533 
9.1466666667 1.0039064054 
9.2 1.0099113187 
9.2533333333 1.0126132791 
9.3066666667 1.0199881886 
9.36 1.0270421043 
9.4133333333 1.0257076025 
9.4666666667 1.0322438929 
9.52 1.0297696103 
9.5733333333 1.0399121729 
9.6266666667 1.0416434861 
9.68 1.0478782206 
9.7333333333 1.042880729 
9.7866666667 1.0418574133 
9.84 1.0435730371 
9.8933333333 1.0459920839 
9.9466666667 1.0461067274 
10.0 1.0481916365 
10.0533333333 1.0434256201 
10.1066666667 1.0407766971 
10.16 1.0399036713 
10.2133333333 1.0385131497 
10.2666666667 1.032266804 
10.32 1.0341852673 
10.3733333333 1.0282900501 
10.4266666667 1.0298762032 
10.48 1.0210593547 
10.5333333333 1.0204860969 
10.5866666667 1.0206197674 
10.64 1.0122064613 
10.6933333333 1.0066013591 
10.7466666667 1.0080778842 
10.8 1.0048454006 
10.8533333333 1.0061193995 
10.9066666667 1.0042691782 
10.96 1.0004060065 
11.0133333333 0.9983403175 
11.0666666667 0.9966461373 
11.12 0.9928650075 
11.1733333333 0.9915370633 
11.2266666667 0.9916434345 
11.28 0.9899533652 
11.3333333333 0.988185771 
11.3866666667 0.9874450134 
11.44 0.9916236635 
11.4933333333 0.9899863279 
11.5466666667 0.9897170008 
11.6 0.9926669634 
11.6533333333 0.9904929513 
11.7066666667 0.9954478095 
11.76 0.9954243861 
11.8133333333 0.9941724302 
11.8666666667 0.9968012542 
11.92 1.0008014304 
11.9733333333 1.0047458153 
