51 2 18.8212 1.92812 17.9868
89 2 7.35783 2.97664 4.80307
173 2 2.29494 0.613411 1.09146
181 2 7.56181 1.1575 1.5492
66 2 10.9744 19.1817 1.46699
22 2 15.3011 4.06184 3.62355
3 2 13.7939 1.29372 2.03485
187 2 18.7791 2.70306 3.19775
203 2 2.35797 6.60238 0.230436
114 2 2.13007 3.72819 1.09411
71 2 5.70664 5.98522 2.4042
174 2 3.96026 3.75567 3.23365
160 2 8.61921 6.2266 18.4381
175 2 9.85538 7.29429 2.72269
60 1 8.19407 5.2404 2.08038
14 2 14.3566 7.76201 1.52827
129 2 10.1929 3.22292 2.20371
176 2 18.476 6.18667 1.70213
94 2 1.4009 8.87793 2.6115
57 2 4.52681 10.2409 1.85936
77 2 6.03288 12.0147 0.413865
92 2 7.93978 10.8369 3.88898
20 2 11.8133 10.0619 2.20433
131 2 16.6891 6.64439 4.06936
170 2 17.4877 8.87207 0.92903
102 2 2.63898 13.4438 4.36676
16 2 19.0436 12.1629 2.63014
48 2 1.7871 12.4934 0.646531
30 2 6.40454 14.4856 3.92642
91 2 11.119 13.5341 3.68705
101 2 14.6949 11.0877 1.10354
132 2 12.7041 13.6759 1.14929
19 2 15.2155 14.7406 2.87678
199 2 1.55762 15.3765 2.0213
26 1 2.74971 17.2468 0.373719
139 2 4.72011 17.2791 2.32641
195 1 7.47471 17.9018 3.40432
147 2 8.75963 16.1509 2.1814
117 2 12.0709 16.5838 1.47847
185 2 18.4824 18.1655 1.66865
141 2 0.972393 18.1713 4.53659
159 2 1.86141 3.21101 6.31077
106 2 6.98948 1.57173 8.04231
110 2 4.47324 0.273985 4.35319
165 2 8.90015 0.62932 4.78122
138 1 13.4619 1.0461 8.67369
125 1 8.31067 18.7073 7.17207
86 2 11.7049 0.121131 4.53192
182 2 12.4492 2.86549 5.80962
166 1 18.6809 1.82383 8.28606
68 2 18.8401 6.11772 7.42863
58 1 5.13779 8.27315 6.10823
36 2 5.46714 5.46809 6.68598
49 1 7.57073 5.86837 4.55129
34 2 10.3607 4.4213 7.28297
75 2 7.73712 7.51711 6.84529
76 2 12.5572 5.72222 3.12843
157 2 14.5613 6.22958 7.08287
196 1 19.1133 5.08101 4.49757
212 2 2.78186 6.75655 4.16608
13 2 5.24583 10.945 5.34323
120 2 9.54416 10.218 5.9367
130 2 10.7512 7.81944 5.98639
188 2 13.531 9.51112 4.95119
151 2 18.1533 8.9251 5.38608
123 2 2.28932 10.9156 5.49023
40 2 9.13534 13.5918 6.22939
96 2 13.8933 12.5911 5.15361
54 2 12.6027 13.7994 7.60151
27 2 16.216 10.5405 3.8714
98 2 18.254 12.0758 5.91131
167 2 16.8044 14.3543 6.73154
135 1 3.38767 16.8454 5.08437
25 2 4.12151 17.6513 7.3778
126 2 7.34107 16.574 5.74086
97 2 7.14748 16.7585 9.43874
122 2 10.955 16.3719 5.23461
10 1 14.1413 17.5792 3.1126
38 2 14.3301 16.1015 5.63571
83 2 16.9184 2.24986 5.16629
37 2 17.0725 16.7805 4.05163
17 2 14.6274 19.2446 6.09975
79 2 3.96434 2.86075 7.95813
107 2 4.1932 2.36342 11.0898
197 2 10.8498 1.3763 8.07224
33 2 13.8231 3.432 10.0685
205 2 16.3133 0.735268 8.66124
1 1 1.3453 4.4731 9.07572
41 2 2.31351 4.85894 12.2388
154 2 2.05889 8.05069 6.60125
46 2 18.8253 5.59124 11.2647
8 1 7.08353 3.16811 10.5547
210 2 10.3801 8.46049 9.81435
9 2 8.15479 5.43409 9.04495
62 2 12.9659 3.95441 14.1217
24 2 16.0499 3.48883 7.62681
191 2 0.274588 9.29121 9.0573
183 2 2.56506 8.07457 12.3521
39 2 4.31327 8.13977 8.77219
162 1 7.5626 6.94657 11.2424
45 1 7.67658 9.22418 9.71013
80 2 12.2028 10.1117 8.29592
168 2 12.0844 11.5059 11.6024
118 1 11.4322 9.07798 12.9937
192 2 14.5802 10.0141 10.505
180 2 15.3475 9.54197 7.16495
65 2 16.3897 7.51202 9.76888
207 2 3.17622 12.1079 9.39652
64 2 1.04662 15.6017 11.2771
43 1 2.67834 9.6024 10.1994
193 2 9.25991 11.9644 9.73569
88 2 5.83066 12.5105 10.3977
115 2 12.5813 15.0565 10.5401
47 1 10.1338 14.4858 8.91432
6 2 15.1803 14.0566 11.3556
4 2 15.615 12.4217 8.81917
119 2 18.7501 12.5658 8.98322
133 2 1.15413 14.5858 6.2424
35 2 1.69542 0.628246 11.2708
200 1 4.96568 0.525976 9.27245
31 2 5.49321 13.6929 7.56071
84 2 6.74016 -0.221396 11.6839
113 2 10.4182 17.1288 8.10691
72 2 13.457 17.3754 8.95418
12 2 0.338748 17.5393 9.40189
152 2 16.4605 16.5963 8.61773
171 2 2.76321 2.09103 14.4451
177 2 18.5456 2.78687 11.058
50 2 18.1351 4.06908 14.5841
29 1 5.70648 17.9914 15.5128
109 2 7.51596 2.8858 13.3366
184 1 9.87407 1.33707 13.888
73 2 9.85421 2.90654 11.6686
105 2 14.7198 1.8572 14.1628
161 2 13.2465 0.486731 11.2047
18 1 16 1.07174 11.2555
215 2 18.4398 1.02954 15.2324
74 2 5.69858 5.5139 11.8603
53 2 9.49309 6.98395 12.7769
44 1 11.486 3.30392 16.1677
142 2 12.6945 6.76937 11.9932
202 2 15.305 5.55986 11.6167
93 2 18.6394 8.05653 14.3342
15 2 4.22308 10.4354 14.2567
158 2 0.367372 10.8214 14.8345
127 2 6.83324 9.49691 12.083
216 2 10.8294 7.31446 15.3765
28 2 13.5828 10.9833 14.2799
169 2 15.7985 8.09062 12.9726
82 2 17.7445 9.9017 11.0311
5 2 1.84813 12.0967 11.8844
190 2 0.470302 14.0301 15.3676
211 2 3.58264 14.4473 13.4922
2 2 9.61567 12.9778 13.1333
108 2 10.579 15.2908 16.3219
179 2 13.9082 14.1046 14.5695
7 2 18.0226 14.1089 12.611
81 2 16.6222 11.531 13.4541
104 1 1.91613 16.414 15.3283
70 2 3.22987 17.4659 12.9113
186 1 5.28715 15.2165 10.7354
42 2 6.41698 15.2708 13.7114
145 2 9.05545 15.8706 11.6201
156 2 9.74096 19.5762 10.638
143 2 11.9542 17.2455 13.397
21 2 14.8364 17.0891 12.9913
146 2 18.5836 17.6332 14.4121
214 2 17.3012 18.0582 11.5914
134 2 2.90011 3.05134 16.9495
111 2 4.9302 0.918316 18.4955
63 2 6.32449 1.4639 15.9301
112 2 12.2551 0.558822 14.9493
136 2 8.70678 2.2469 17.8503
144 2 12.2487 3.77695 19.3264
87 2 14.6439 2.71216 17.2896
148 2 16.214 1.91742 0.521486
155 2 2.26924 6.73142 15.5331
172 1 4.0543 5.85131 17.2511
204 2 7.77967 8.62134 0.927798
32 2 6.44207 4.41745 18.3923
201 2 5.94366 5.15023 15.6226
206 2 9.31632 4.39923 15.4012
100 1 9.1162 8.50169 17.0018
59 2 14.6767 6.70022 15.6985
124 2 15.7773 5.37488 18.4649
163 1 0.534252 7.5713 17.7588
67 2 17.2356 8.34744 17.0016
153 2 18.4768 4.9646 17.891
189 1 1.87603 9.70288 16.528
11 2 0.733501 10.1355 18.903
128 2 4.53302 8.56412 17.7213
137 2 6.82991 8.47799 15.5121
140 2 9.86254 10.6884 14.6375
99 2 10.2874 10.1885 18.8507
150 2 12.7531 7.75091 17.3569
198 2 14.2977 10.9515 17.3148
55 2 17.1831 11.6614 16.8038
23 2 0.469786 14.7186 18.3355
116 2 3.46951 15.2164 17.6777
194 2 7.8841 11.7319 16.2921
56 2 3.81693 12.3606 16.2653
61 1 4.28454 14.7406 1.74419
209 2 7.77121 14.3809 17.2302
178 2 8.47956 13.617 1.07678
95 2 14.5201 14.4946 17.8854
69 2 16.5927 14.616 15.7815
103 2 16.9764 13.2117 0.675576
164 2 3.0828 18.5673 16.6368
213 2 0.323372 18.2975 18.2671
85 2 6.27856 17.5003 17.8934
149 2 8.74906 18.129 14.3731
121 1 8.69028 18.3954 19.2148
78 2 11.079 18.8017 17.6845
52 2 13.8834 17.1647 16.3666
90 2 15.3862 16.866 0.655659
208 2 15.9328 18.7451 17.156
