644.5005475819933	5.48809
654.010029396507	5.5116
664.0002305608393	5.54413
673.9627644244625	5.58781
683.9368263300478	5.62762
693.4278632774224	5.6597
704.4486713931639	5.68471
713.9812092916018	5.70058
723.5252752320018	5.71184
733.5823390397142	5.71938
743.6440140642112	5.72505
753.7126059138857	5.7279
763.7811977635599	5.73076
773.8636232635888	5.72795
793.5177820047265	5.72517
813.6826330047841	5.71956
833.8520952216267	5.7121
853.0232290045535	5.7009
873.7056890887084	5.68976
893.3782926969855	5.67958
913.0601187388322	5.66574
933.7425788229868	5.65473
953.9281802985765	5.64102
974.1160873825586	5.62646
993.7979134244051	5.61288
1013.9812092916018	5.60027
1033.6630353334488	5.58682
1053.853248025823	5.57165
1074.0411551098048	5.55745
1094.2313678021787	5.54243
