1.2051075559534916 -0.1359589991362955
1.231686061865108 -0.08974261097661884
1.2463741835531064 -0.055982994879770764
1.265631943099593 -0.003873296187992814
1.2904385486171015 0.053217762360094234
1.3100227108677664 0.09955090198077787
1.329606873118431 0.14746842339132638
1.3589831164944277 0.19762547180442525
1.389758228602615 0.24815903771038395
1.427527684371754 0.2984296740735324
1.471592049435749 0.35336535501054467
1.5548247390010737 0.39275223850733965
1.6429534691290644 0.3671409530094438
1.695177901797503 0.31826244053436814
1.7526247777327861 0.2629116950219206
1.7870369485446682 0.21457043027191336
1.8262052730459977 0.16418966791410305
1.8583792538863753 0.11947099328182498
1.887755497262372 0.0768756910799504
1.9171317406383688 0.03560070703629714
1.9791482544321402 -0.08976347113692507
1.9996649958375983 -0.14881455264646037
2.0281086600588014 -0.20123317315733846
2.054220876393021 -0.24058102193144615
2.0942052076547943 -0.35957159211897594
2.149693667365011 -0.3931266544035168
2.2051821270752274 -0.42253214533365124
2.2724443986147125 -0.38632856779971814
2.3447192831112127 -0.2626140401078487
2.3577753912783224 -0.19370011740398185
2.366588264291121 -0.13116115872886924
2.393026883329519 -0.07132467405608844
2.4088341000032694 -0.006960184522801782
2.432195207830848 0.06015895903695512
2.4442721078854244 0.11256940614971045
2.457095071263836 0.17490071912822192
2.4654882836569776 0.2416196427384898
2.4703843242196437 0.3343694864202513
2.472016337740533 0.28723329252738417
2.4834404323867534 0.3980681523991476
2.4964965405538635 0.4634172160758192
2.5013925811165296 0.5224989467229639
2.511184662241862 0.5871895226093333
2.5242407704089715 0.6347142911500314
2.54186651643457 0.7465362141917249
2.551658597559902 0.7994948201579084
2.5585130543476344 0.8528793182634469
2.568305135472967 0.9018911160209504
2.5780972165982994 0.9474370786131259
2.6004791163133443 1.0035155629614076
2.6109706318047716 1.0807488032175532
2.6221615816622945 1.1421944525056638
2.6389480064485786 1.2006948134032125
2.646641784475625 1.2614066475268944
2.658532168699243 1.3220597477867564
2.6781163309499076 1.39815663103132
2.6992742205242863 1.4740334413532183
2.717284655451237 1.5531796507166336
2.748370627277689 1.6270386782474542
2.8049470960018312 1.677621905306561
2.852275488107604 1.6865098191868335
2.8865477720462667 1.63559400565496
2.907530803029122 1.5816576957361703
2.9341093089407377 1.5094981301674135
2.960967588598792 1.4482027536186852
2.9746765021742574 1.402644757747093
2.994260664424922 1.347351122560766
3.0138448266755864 1.2960750269130235
3.033428988926251 1.2485335454842468
3.051381137656027 1.195909674790726
3.0709652999066916 1.1407763639521828
3.0863062270030452 1.09086048251406
3.1019735568035776 1.05097885194953
3.130044189362863 0.9949301762309146
3.1705181246809033 0.9278240866305254
3.2047904086195667 0.878294607164783
3.2880230981848912 0.8356717286975786
3.3859439094382138 0.8499250367473952
3.459384517878206 0.8999494962484031
3.523033045192866 0.9430630173584904
3.562201369694195 0.9887782684838735
3.730842766852696 1.0904864480788579
3.7939472896603936 1.1311639463736969
3.8363796412035 1.1708837961816245
3.890236087392828 1.2175954827172917
3.9489885741448214 1.26707733045201
4.007741060896815 1.3089673487769615
4.0909737504621395 1.3496445432011086
4.198686642840795 1.3584115165458295
4.296607454094118 1.3254334432084032
4.374944103096777 1.282420119841607
4.443488670974102 1.2396632995142287
4.512033238851429 1.1983211057849439
4.580577806728755 1.1547155094987098
4.644226334043415 1.1105937237263868
4.707874861358075 1.065528853555335
4.772653244187197 0.9999005377212602
4.85181845390046 0.9489068935552105
4.918404605552719 0.886329328108636
4.9869491734300455 0.8370298597650772
5.079973944120702 0.7924439956172702
5.187686836499357 0.7729441574837304
5.295399728878013 0.7716287012565874
5.4031126212566685 0.7771548936674952
5.510825513635323 0.7880823876347582
5.618538406013979 0.8135933958041819
5.711563176704636 0.852255091893706
5.7801077445819615 0.8964506531291194
5.838860231333956 0.9366902737562954
5.89620253164557 0.9836668027766438
5.941772151898735 1.0205098290847578
6.0004295699019385 1.0549960731473895
6.098350381155262 1.0931351369686453
6.206063273533917 1.102442240469002
6.313776165912572 1.0915844848256309
6.421489058291227 1.0819870328787426
6.529201950669883 1.0792312295699051
6.6369148430485385 1.0815166410469994
6.744627735427193 1.0706588854036283
6.852340627805849 1.047558179565851
6.951660307791362 1.0046665522770422
7.0677664125631585 0.9900140346219501
7.175479304941814 0.9805644754557714
7.28319219732047 0.9772492516285971
7.3909050896991255 0.9772069593397381
7.498617982077781 0.9801675335113771
7.606330874456435 0.9852371873383545
7.714043766835091 0.9938241172978639
7.821756659213746 1.0017616050464302
7.929469551592402 1.0041820490624338
8.037182443971059 1.0014519662371972
8.144895336349713 0.9912629431674704
8.256688262530588 0.9751502254808517
8.360321121107024 0.9635519871531737
8.468034013485678 0.9632807825602596
8.566607630147356 0.9687683584324334
8.683459798242989 0.9799338026863436
8.791172690621643 0.9862508999680033
8.8988855830003 0.9903367452972158
9.006598475378954 0.9964030678637592
9.114311367757612 0.999974503520938
9.222024260136266 1.001256816137566
9.32973715251492 1.0014160009702535
9.437450044893577 1.0012236725270516
9.54516293727223 0.9979277390625785
9.652875829650888 0.9985927600727662
9.760588722029542 1.0030322620515024
9.849367088607593 1.0231173073557722
9.974683544303797 1.0322697310855746
10.088607594936711 1.0276031033074726
10.191440291544165 1.0066632943482163
10.299153183922819 1.0015026258226205
10.406866076301473 0.9965863018912404
10.51457896868013 0.9949107588936739
10.622291861058784 0.9982764306820393
10.730004753437441 0.9975011046105322
10.837717645816095 0.9945652579164825
10.94543053819475 0.9903691075259504
11.053143430573407 0.9874332608319007
11.16085632295206 0.9870180215308173
11.224504850266722 0.9880656917103348
