2.5163318809417916 0.008042582242066665
2.571784702739034 0.02774636112399076
2.629131875591462 0.06632666099584927
2.6652967593722727 0.12385868712055137
2.6859624072470214 0.18308283166068584
2.70662805512177 0.24343505514444175
2.727293702996519 0.30322323915638716
2.745376144886924 0.357747054764765
2.758292174808642 0.423927686123899
2.7686249987460165 0.4837158701358444
2.778957822683391 0.5446321330914112
2.789290646620765 0.6044203171033566
2.7996234705581395 0.6642085011153016
2.8099562944955143 0.7251247640708685
2.8202891184328887 0.7849129480828139
2.830621942370263 0.8447011320947588
2.8409547663076373 0.9056173950503257
2.8512875902450117 0.9699178948367575
2.861620414182386 1.0353464735668108
2.8719532381197603 1.100775052296864
2.882286062057135 1.1662036310269173
2.8926188859945094 1.2316322097569705
2.902951709931884 1.2993169463742669
2.913284533869258 1.3647455251043201
2.9236173578066325 1.4301741038343734
2.933950181744007 1.4956026825644266
2.944283005681381 1.5610312612944799
2.9571990356030993 1.6272118926536143
2.9726982715091608 1.6911363661255054
2.9881975074152223 1.7550608395973966
3.0036967433212842 1.8189853130692877
3.0191959792273457 1.8836618391702598
3.0346952151334072 1.947586312642151
3.0656936869455302 2.0157724176788347
3.1173578066324024 2.061898312262474
3.172250933799704 2.066974667508771
3.224376340269494 2.0103289891254863
3.262017341755644 1.95676135471694
3.28784940159908 1.906223418042692
3.3136814614425156 1.855685481368444
3.339513521285952 1.8046963131167473
3.3679287871137316 1.7505485238229102
3.396344052941511 1.6991081239937649
3.4247593187692904 1.646765261009722
3.4557577905814134 1.5922414454013445
3.487617331054985 1.5414778929383721
3.522921146174347 1.4865780510154538
3.559455059381492 1.4333971865304351
3.6055837376733426 1.3782824724277796
3.652450474817862 1.3263908410211855
3.708911977047086 1.282395762219943
3.762421243865633 1.247747623237279
3.8242951776811007 1.2211034729498356
3.87829648373476 1.2071367812669012
3.9491501335910413 1.1977898414483221
4.010409018362617 1.1923106008650173
4.0721107384457955 1.1910213677865926
4.1093089046203435 1.1910213677865926
4.178194397536174 1.1902693151575114
4.236747066514628 1.184252894124863
4.297882941477427 1.163947473139674
4.35316354954238 1.1404834311123446
4.408099730142753 1.111303789103999
4.469481624723109 1.0724119245715207
4.532216627200025 1.0234210675913822
4.563953157864818 0.996991789483676
4.649198955348156 0.9270508949791363
4.744131775272784 0.8492134478692455
4.80057482603069 0.8065720638003486
4.859176698932657 0.7662190684456553
4.931629476303057 0.724748737756328
4.989813115855176 0.6869312341225369
5.049595882921414 0.646320392152159
5.117792520908084 0.6071277065680483
5.170637534759228 0.5767018059172258
5.238538949204832 0.5367355804860598
5.302012010534417 0.5103063023783534
5.367699248422012 0.49612473851568195
5.429040139732773 0.5021411595483309
5.488740900259826 0.5367355804860598
5.540405019946698 0.582861475069699
5.5869027276648815 0.6367585801538427
5.631186258825059 0.6914435498970235
5.672148525148222 0.744302106112436
5.713479820897719 0.7984498954062729
5.752227910662873 0.8500192185432609
5.786670657120787 0.8999770003322176
5.824557678224494 0.956380947513298
5.860722562005304 1.008272578919892
5.896887445786113 1.0579080524392428
5.933052329566925 1.1075435259585935
5.982649884466321 1.1657523994494685
6.033280721759457 1.2208026518982031
6.082878276658853 1.267730735952862
6.135116442120024 1.3128538936977263
6.196539339969972 1.3489524198936176
6.263056894066819 1.3743341961251039
6.332157654148011 1.3805386303150227
6.386663300417659 1.3778312408503308
6.446464518955215 1.3675657224633742
6.511690470059891 1.342183946231888
6.5624935210853135 1.3188703147303746
6.631379014001144 1.279763578018159
6.688824594700595 1.2496814728549162
6.7476232832966065 1.2195993676916732
6.805314883613612 1.1880131572702681
6.866696778193969 1.1549228415907011
6.9264795452602055 1.123336631169296
6.982695027871873 1.091750420747891
7.046701131706165 1.0541477892938376
7.100661434490231 1.0298086314799408
7.157491966145789 1.0060164210326488
7.216905703785693 0.9834548421602167
7.278902647409939 0.9608932632877845
7.334872110404049 0.9405878423025955
7.393670799000063 0.9235055040134685
7.44853317371517 0.9097536845102718
7.509669048677969 0.8977208424449745
7.56477744301063 0.8879441582669205
7.62935759261922 0.8759113162016234
7.685204045804554 0.8693577147196314
7.728380488685726 0.8661346320235697
7.896288877668059 0.861622316249083
7.976737292609046 0.8622669327882955
8.025449176885239 0.8661346320235697
8.09777894444686 0.8706469477980558
8.176751241682506 0.8770931131901794
8.247604891538789 0.8864400530087586
8.308863776310366 0.8919192935920635
8.3647102294957 0.8984728950740557
8.433595722411528 0.9112577897684337
8.48939297167335 0.9211848844723038
8.550947079985995 0.9331747521016536
8.617003347299924 0.9473563159643252
8.680845438055844 0.9647609625230584
8.736691891241177 0.9827027895311355
8.795890361715717 1.0015041052581624
8.853797229198086 1.018801315727027
8.916655241483781 1.0330903156795674
8.984187626503049 1.0498503456990886
9.043232334716617 1.0661806313591344
9.101538984077516 1.0814365561204935
9.156032329366287 1.0947586312642155
9.217414223946642 1.1033535184537133
9.277443010630437 1.110551736474918
9.324801787010069 1.1143119996203232
9.39713155457169 1.1188243153948096
9.478933077409238 1.1180722627657285
9.535074754135639 1.113409536465426
9.59862162135049 1.1097996838458368
9.68239130112849 1.102708901914501
9.745864362458075 1.0940065786351343
9.80872237474377 1.0827257891989182
9.863830769076433 1.0729491050208642
9.931855193330815 1.0601642103264861
9.99256053396289 1.0494474603620807
10.05289684516863 1.0388918645324785
10.117846024203555 1.027073894646919
10.174676555859113 1.0165451578397837
10.239625734894037 1.004727187954224
10.300884619665615 0.9937687067876142
10.354639906101719 0.9849589474183789
10.416021800682072 0.976364060228881
10.476050587365867 0.9691658422076763
10.540015687930566 0.9634717294446338
10.610131278934176 0.954447097895661
10.69648416469652 0.9473563159643252
10.794645992101577 0.9428440001898388
10.895391025490976 0.9383316844153524
11.096881092269777 0.933819368640866
11.178682615107325 0.9345714212699472
11.234824291833725 0.9392341475702497
11.298371159048578 0.9428440001898388
11.376236368005221 0.9480009325035377
11.438510083699219 0.953560750154244
11.497278019843035 0.9608932632877845
11.551156316087917 0.9686286617583328
11.616105495122842 0.9804466316438922
11.681792733010436 0.9905456240915524
11.752369610796967 0.99981198684273
11.816119444196303 1.008594887189498
11.87590221126254 1.016974902199259
11.928673419228417 1.0240656841305946
