1.0792902451568662 0.0012970211201022153
1.2886164923709926 0.0012970211201022153
1.4979427395851195 0.0012970211201022153
1.7072689867992459 0.0012970211201022153
1.9165952340133723 0.0012970211201022153
2.1259214812274987 0.0012970211201022153
2.323537169156919 0.014642572804940635
2.411366363792217 0.07637976778396727
2.42468712497857 0.1962205789639606
2.4265900908623355 0.12682371020279515
2.4862163552202987 0.28415729746768914
2.525544316818104 0.367963249973732
2.544573975655752 0.5706745166544094
2.535059146236928 0.4869050120836409
2.535059146236928 0.43077519176211165
2.4874849991428083 0.40441118524745256
2.627035830618893 0.6575938427920409
2.657632536985307 0.7629516685312359
2.6904680267443855 0.6723035095093
2.7279506880912674 0.829327841565811
2.796716955254586 0.7233306188925086
2.8147951311503516 0.6467899548176952
2.841912394994 0.5939556353104978
2.8835397737013544 0.5385168070952009
3.081935294261713 0.629537932121468
3.103570204011658 0.5514330441578235
3.267701011486371 0.8742250709257124
3.2867306703240184 0.8098447634376775
3.2867306703240184 0.7537149431161474
3.3010029144522544 0.694468410147631
3.220126864392251 0.6314818220027325
3.220126864392251 0.5842817458232643
3.43550800305472 1.0042116619064458
3.438967941025201 0.9314483293054545
3.445311160637751 0.8543001996427453
3.4294531116063776 0.7667036618682364
3.4237442139550835 0.7172073657665239
3.5975484313389336 1.041399600714512
3.6926967255271737 0.9807340373366964
3.790151645029067 1.0798245603561103
3.686353505914624 1.0269419197226028
3.8026458654780275 1.176621440580016
3.9601691525230023 1.2080881580329947
3.9480113149322817 1.1140069251077032
4.128566530332346 1.1428463538930345
4.1938110749185675 1.2185770638506543
4.288642208126179 1.086771205474415
4.266758100462884 1.292282888515289
4.295302588719355 1.236153068193759
4.314332247557003 1.17287945255858
4.4242813875078575 1.0194295952856303
4.466569518258186 1.0983798728590948
4.520486884964855 0.9306991217470504
4.60738899365678 0.8643355311547767
4.580747471284074 1.0094469107912163
4.715540888050745 0.8181559971629726
4.764700840048004 0.9223363454870244
4.834476255786045 0.8743708626668081
4.913766500942911 0.8226208692340036
5.034921995542602 0.76214524009667
5.180741420518148 0.7177776687537483
5.124452009502583 0.652257145108754
5.265815189439397 0.7975518689044492
5.369119051700913 0.830123069244511
5.482753300188582 0.778780077755596
5.615359975457244 0.868355035034261
5.58931938967941 0.7947685720290014
5.741556660380594 0.943111668593045
5.722527001542945 0.8636551696963339
5.904365963769358 1.0211304989317371
5.920752614435111 1.0911510323631406
6.081162879637079 1.0259170162435378
6.129468936686491 1.094454710598849
6.2585290588033615 1.0339581472627941
6.36088555709677 0.968028802525625
6.54318103891651 0.9341363645318914
6.614202444221302 0.9808352816013457
6.807217555288874 0.9933104158109423
6.946371935539174 0.9306282507617958
6.921395508314761 1.0116337869076402
7.1077275844333965 0.8664191381212571
7.329581690382307 0.932669335137124
7.255773799319144 0.8665710045182315
7.532247557003258 0.9621374908059268
7.435196296931252 0.9172336345487029
7.73967083833362 1.0424095122543875
7.663552202983027 0.9810175212777148
7.944605625815981 1.0228204993493435
8.056831818961083 0.9708120994010727
8.230364184075825 0.943111668593045
8.408246185496314 0.9641785751812559
8.60902577891669 0.9781976020749577
8.557946168352476 0.9146822790795426
8.784838254493662 0.9894566201372452
8.91511822653602 0.9270465401993198
9.099559535270147 0.9168411183226786
9.23569478695486 0.9661019046887764
9.33816218069604 1.0232308572220052
9.551113124831621 1.0248765367237578
9.708183324761414 1.0034127526181225
9.76998905431959 0.9309717024595674
9.851962969312531 0.892647845482248
10.070303265449756 0.8929286166582795
10.272729870278305 0.9291399600714518
10.475410839803091 0.9213644005463921
10.687999314246527 0.9078786644951142
10.784416252357277 0.8792822219449414
10.900180010286302 0.9389201560365672
11.119939184494752 0.9485213095126186
11.272176455195936 1.0057253847685317
11.451643665352305 1.0079662134207217
11.633614777987313 0.9845256350478104
11.71101425575967 0.9335884772997316
11.836484533810095 0.9212429074288124
11.93706987338052 0.9310838499527172
12.069975427167266 0.915532730902596
12.249699982856166 0.918509312283283
12.457213881609562 0.9364295471261963
12.668352477284415 0.9873287690172168
12.875866376037814 1.0202597982557533
13.073830592517373 0.9892603620242326
13.154340687599731 0.9476536420656165
13.357497979476378 0.9726344961647584
13.517676198038384 1.0073367671701066
13.666352362992171 1.0294932751917631