1.0412309274815705 1.9939056425344126
1.2505571746956972 1.9939056425344126
1.4598834219098236 1.9939056425344126
1.66920966912395 1.9939056425344126
1.8785359163380768 1.9939056425344126
2.087862163552203 1.9939056425344126
2.3051174352820163 1.9981579016496802
2.47479855991771 2.102976088841022
2.441270113394235 2.0205126352842284
2.5123699376228097 2.260816676231198
2.4969998285616324 2.1750518808448045
2.544573975655752 2.496735282914784
2.535059146236928 2.4140288431228334
2.535059146236928 2.3578990228013037
2.525544316818104 2.325581853525271
2.582633293331048 2.904043720805831
2.5731184639122238 2.8264979773037724
2.5731184639122238 2.7703681569822427
2.5731184639122238 2.7142383366607126
2.5731184639122238 2.658108516339183
2.5731184639122238 2.6019786960176527
2.576290073718498 2.5654092676263534
2.6111777815875197 3.3473997189240308
2.6016629521686956 3.26294985289482
2.6016629521686956 3.2068200325732903
2.6016629521686956 3.1506902122517606
2.6016629521686956 3.094560391930231
2.6016629521686956 3.038430571608701
2.6016629521686956 2.982300751287171
2.639722269843991 3.799840088788484
2.6302074404251674 3.7160705842177157
2.6302074404251674 3.659940763896186
2.6302074404251674 3.603810943574656
2.6302074404251674 3.5476811232531262
2.6302074404251674 3.4915513029315965
2.6302074404251674 3.4354214826100664
2.582633293331048 3.4150106388567827
2.6793673924224244 4.111530681937586
2.668266758100463 4.029036855101397
2.668266758100463 3.9729070347798676
2.668266758100463 3.916777214458338
2.668266758100463 3.8723411067037934
2.721696184836936 4.546438660372936
2.706326075775759 4.460215929389514
2.706326075775759 4.4040861090679835
2.706326075775759 4.347956288746454
2.706326075775759 4.291826468424924
2.706326075775759 4.235696648103394
2.7120349734270532 4.184499448355575
2.800233305257195 4.750700691211607
2.7776872964169383 4.674742401754755
2.7865224951629894 4.623624172533361
2.8260126142546493 4.878682986954093
2.8442911023487056 4.81953182462961
2.8300188582204697 4.962589970578964
2.938341531604004 4.568027052804293
2.915652322989885 4.7621263265735
2.9346819818275334 4.6843099847641065
2.9378535916338078 4.649654072974677
2.946099777130122 4.466679363244721
2.999382821875536 4.38605653041925
2.9917709583404766 4.3105364085321005
2.9849746516127453 4.2511262740359355
3.0108006171781247 4.194024508773774
3.0108006171781247 4.137894688452244
3.004004310450393 4.077998581485763
3.04885993485342 4.020319723915099
3.0678895936910684 3.957598901964905
3.0610932869633367 3.8979457812335823
3.0900908623349905 3.831165064270954
3.0892979598834223 3.76677877416728
3.129303492667113 3.6887014982758126
3.124978570204012 3.610189332247557
3.1621729033866877 3.532604931844451
3.201097205554603 3.430956610539036
3.229641693811075 3.3512267521277717
3.2581861820675466 3.2871239459651154
3.2573211975749268 3.2111341427302342
3.3288677720359536 3.1241561153724913
3.4036271460409986 3.046886492592204
3.4410823475627184 2.983831564568667
3.5993607797996616 2.922599033308816
3.752225401891097 2.918281354822545
3.8124249957140406 2.948112588000421
4.01408651922967 2.9430098770621
4.119806846105492 2.8990698662043366
4.307989027944455 2.9011251247767156
4.536832873966425 2.8941416069220263
4.716193866540273 2.9012877111546533
4.915669466826676 2.8550731585583695
5.048031316075205 2.816009071486113
5.2427077465651095 2.8097926736366503
5.456111777815876 2.8119339898339817
5.603957588785294 2.8855062499494837
5.739970855477456 2.945348619575497
5.936082061832105 2.980288015305944
6.125955768901081 3.0320521829357996
6.239895851191497 3.1026290536014502
6.433635305476102 3.098373996947291
6.651808674781416 3.0903506554061155
6.84527687296417 3.0538520980000703
6.942328133036174 3.0042424083219506
7.149751414366534 2.9833676817560923
7.3631554456173 2.9708925475464962
7.568403908794789 2.991485630976148
7.777730156008914 2.971306728629152
7.991447862954805 2.9475238136613835
8.196382650437167 2.951823650501018
8.405708897651294 2.9801205020680697
8.61503514486542 3.0007632872276413
8.824361392079547 3.0056340567596744
9.033687639293674 3.0002994044150664
9.237939310817762 2.993696805716087
9.452340133721927 2.9922145896816223
9.661666380936053 2.977772095329411
9.883225980260095 2.973808382368394
10.080318875364306 2.9870787442566895
10.289645122578433 2.969683138785141
10.49897136979256 2.974785849723462
10.708297617006686 2.970147021597716
10.917623864220813 2.971770611441727
11.126950111434939 2.98615097863154
11.336276358649066 2.9956605762893203
11.545602605863191 3.0030827012905137
11.754928853077319 3.0070257051973983
11.964255100291444 3.0056340567596744
12.173581347505571 3.017695009886615
12.382907594719699 3.0044743497282376
12.592233841933824 2.9991396973836295
12.801560089147952 2.9740900255046
13.010886336362077 2.9740900255046
13.220212583576204 2.9634207208153835
13.42953883079033 2.9724664356605883
13.638865078004457 2.9826718575372304
13.848191325218584 2.979656619255495
13.981398937082119 2.982981112745614
