1.098319903994514 1.001428365030998
1.3076461512086408 1.001428365030998
1.5169723984227672 1.001428365030998
1.7262986456368936 1.001428365030998
1.93562489285102 1.001428365030998
2.144951140065147 1.001428365030998
2.3542773872792733 1.001428365030998
2.532680438882222 1.0173743367132504
2.582633293331048 1.0779690291058115
2.6101205783187615 1.1467611321261382
2.6455775494863447 1.282077466638647
2.635916338076462 1.201454633813177
2.677781587519287 1.4117713696543035
2.677781587519287 1.3467118051907123
2.714110936209342 1.6434421776342818
2.706326075775759 1.5644274718924036
2.706326075775759 1.5082976515708744
2.6968112463569347 1.4759804822948412
2.7539002228698783 1.8395486366502056
2.7443853934510547 1.756629583902491
2.7443853934510547 1.7100673465903125
2.7951311503514487 2.0449327519176217
2.7729298817075265 1.9576763948723341
2.766586662094977 1.9199163339287595
2.8300188582204697 2.189722174792477
2.8262129264529405 2.1097371808342973
2.8438586101023953 2.304011302740551
2.7919595405451743 2.256695255857939
2.89934118684333 2.441486287695704
2.8871078347334134 2.371506251970159
2.9733756214640836 2.5305407428811604
3.1154637407851875 2.5281594777766108
3.1154637407851875 2.4655874848954507
3.1749314246528377 2.405120360276348
3.2423281330361733 2.348331439791952
3.324789987999315 2.262891404854471
3.41128843726135 2.182705947252286
3.4998628493056745 2.1255555847430916
3.7434424824275676 2.116138763647827
3.9542325495522825 2.1497345842662123
4.179935282016116 2.197854620350426
4.295302588719355 2.202266339182516
4.367029764338183 2.135800258242336
4.485599177095834 2.0772499211936544
4.61880678895937 2.0214602816013456
4.728906957948617 1.9434252521803095
4.878878793073891 1.8935523274141017
5.025349500490938 1.848942263604842
5.097719869706841 1.8076566932857001
5.2423940708699845 1.7693863612482934
5.470066860963485 1.7797618734895453
5.639612059464623 1.8406420747084171
5.77553819401925 1.9086174739939064
5.865249442825304 1.9763650736839344
5.949419087684131 2.036493653058091
6.094470333369699 2.097583451144842
6.298174181381793 2.1167959309656412
6.464683696211212 2.071374072234375
6.669252528715926 2.0379165243774304
6.883336190639465 2.000631943316745
7.0926624378535905 1.9792933339383119
7.301988685067718 1.988802931596092
7.511314932281845 1.9869474003457932
7.720641179495971 1.9679282050302334
7.929967426710098 1.9765100370628645
8.139293673924223 1.9730309159685544
8.34861992113835 1.9554033690907189
8.557946168352476 1.9623616112793383
8.767272415566604 1.9646810253422111
8.97659866278073 1.9681601464365213
9.185924909994856 1.9813808065948977
9.395251157208984 2.006430478473928
9.60457740442311 2.0219705526951777
9.813903651637236 2.0147803691002713
10.023229898851362 2.028464912071222
10.23255614606549 2.0145484276939833
10.441882393279617 1.9943695253469875
10.651208640493742 1.989730697221241
10.86053488770787 1.9730309159685544
11.069861134921995 1.9683920878428083
11.279187382136122 1.97859750971945
11.488513629350248 1.9885709901898045
11.697839876564375 1.978829451125737
11.907166123778502 1.9853238105017823
12.116492370992628 1.9853238105017823
12.325818618206755 1.9941375839406996
12.53514486542088 2.0010958261293195
12.744471112635008 1.9948334081595616
12.953797359849133 1.9876432245646551
13.16312360706326 1.9904265214401033
13.372449854277386 2.00016806050417
13.581776101491513 1.9922820526904013
13.79110234870564 1.9911223456589653
13.933824789988 1.9919921259325424
