2.0408163265306121e-7	-0.7533986903199406
0.003067179205596267	-0.7533701086856521
0.006134154329559881	-0.7532843470005244
0.009201129453523495	-0.753055411934888
0.01226810457748711	-0.7529409424978862
0.015335079701450725	-0.7523891733292809
0.01840205482541434	-0.7520213251771419
0.021469029949377952	-0.7517585754979818
0.02453600507334157	-0.7515615126922474
0.027602980197305182	-0.750314911156916
0.030669955321268795	-0.7493176282696437
0.033736930445232405	-0.7485016684468261
0.03680390556919602	-0.7478217011737138
0.03987088069315964	-0.7472463437148568
0.042937855817123255	-0.7467531797880294
0.04600483094108687	-0.7463257707597499
0.04907180606505048	-0.7459517876378144
0.05213878118901409	-0.7431475099053865
0.05520575631297771	-0.7406548174358173
0.058272731436941325	-0.7384245127283222
0.06133970656090494	-0.7364172377495387
0.06440668168486854	-0.7346011312106068
0.06747365680883216	-0.7329501247667589
0.07054063193279578	-0.7314426836852852
0.0736076070567594	-0.7300608623456452
0.07667458218072301	-0.7287895864189411
0.07974155730468663	-0.7276161006978633
0.08280853242865024	-0.7265295396307874
0.08587550755261386	-0.7255205898840601
0.08894248267657748	-0.7245812227188265
0.0920094578005411	-0.7237044798923704
0.09507643292450471	-0.7228843009978199
0.09814340804846831	-0.7221153831775851
0.10121038317243192	-0.7200008326801574
0.10427735829639553	-0.7178061218035087
0.11041130854432277	-0.7131714358949457
0.11347828366828638	-0.7103918827921039
0.11654525879225	-0.7077586217016614
0.11961223391621362	-0.7052603994110949
0.12267920904017723	-0.702887088027263
0.12574618416414085	-0.6992430701167965
0.12881315928810444	-0.6957725765938133
0.13494710953603167	-0.6893048379489202
0.1380140846599953	-0.6862865595958414
0.1410810597839589	-0.683399510546544
0.14414803490792252	-0.6806353144743473
0.14721501003188614	-0.6779862930788277
0.15028198515584976	-0.6744443044331238
0.15334896027981337	-0.670803074624639
0.1594829105277406	-0.6632185512195122
0.17175081102359507	-0.6468124184605808
0.1748177861475587	-0.6414844212913978
0.1778847612715223	-0.6363401479517501
0.18401871151944954	-0.6265660280359068
0.18708568664341316	-0.6219193150268487
0.19015266176737677	-0.6174224958249505
0.19321963689134036	-0.613068432637411
0.19628661201530398	-0.608850433783014
0.19961156449716777	-0.6031618374070585
0.20293651697903153	-0.5973410831581284
0.20958642194275912	-0.5853010714802824
0.22288623187021428	-0.5596175891185394
0.22621118435207807	-0.5528617432511468
0.22953613683394186	-0.5459719680453161
0.23618604179766944	-0.531791541367792
0.2494858517251246	-0.5018393759393672
0.2528108042069884	-0.494023600894144
0.2561357566888522	-0.486078472074218
0.26278566165257977	-0.4698045365810403
0.27608547158003494	-0.43575912477586626
0.3026850914349452	-0.36207481209539505
0.30601004391680897	-0.3523831480952424
0.3093349963986728	-0.3425933559712751
0.3159849013624003	-0.3227313498496517
0.3292847112898555	-0.2819678367671082
0.3558843311447658	-0.19709713522219177
0.40908357085458646	-0.0218004159173451
0.4121881843678198	-0.011666174493817185
0.41529279788105317	-0.0015701184597401597
0.42150202490751987	0.018489521462691075
0.43392047896045327	0.05795281143729359
0.4587573870663201	0.1332452699927386
0.4618620005795534	0.14222887195281586
0.4649666140927868	0.15110269524276398
0.4711758411192535	0.16850377194753827
0.4835942951721869	0.20180140359400545
0.4866989086854202	0.2097883072872803
0.4898035221986536	0.21763218009220284
0.4960127492251203	0.23287527022004692
0.5084312032780537	0.26147780362780815
0.5115358167912871	0.2682150138872488
0.5146404303045204	0.27477998174880575
0.5208496573309871	0.2873801445273087
0.5239542708442204	0.2934090488852636
0.5270588843574537	0.2992531354818599
0.5332681113839205	0.310375357902121
0.5363727248971539	0.315648005163742
0.5394773384103873	0.3207248627576906
0.5456865654368539	0.33028143214069
0.5487911789500872	0.33475654074456546
0.5518957924633205	0.3390266579079609
0.5581050194897873	0.34694401520391177
0.5612096330030207	0.35058761099427177
0.5643142465162541	0.35401893056147543
0.5674188600294874	0.35723646736390113
0.5705234735427207	0.3602388442962894
0.573628087055954	0.3630248153089608
0.5767327005691874	0.3655932669279929
0.5798373140824207	0.36794321967463883
0.5829419275956541	0.3700738293823492
0.5860465411088875	0.3719843884098469
0.5891511546221209	0.3736743267487996
0.5922557681353542	0.3751432130247179
0.5953603816485875	0.37639075538979405
0.5984649951618208	0.3774168023065095
0.6015696086750542	0.3782213432209027
0.6046742221882875	0.37869638468622835
0.6077788357015209	0.37916657300410633
0.6108225490216341	0.37930729564876114
0.6138662623417472	0.379236428585817
0.6169099756618603	0.37884764641788443
0.6199536889819734	0.3784626817656282
0.6229974023020866	0.3777615095971886
0.6260411156221997	0.3768521625864174
0.6290848289423128	0.3756270844842417
0.6321285422624259	0.37441380393996276
0.635172255582539	0.3728875486297045
0.6382159689026521	0.37115862999331606
0.6412596822227652	0.3691195513310821
0.6443033955428783	0.367099738036462
0.6473471088629914	0.36444624536782794
0.6503908221831045	0.3618175884462708
0.6534345355032176	0.3592134202153212
0.6564782488233307	0.356633400054918
0.6595219621434438	0.3535405904767789
0.6625656754635569	0.35026225923618515
0.6686531021037831	0.3431599290399381
0.6716968154238963	0.33902838023593174
0.6747405287440094	0.3349341057606241
0.6808279553842357	0.3268553801302013
0.6838716687043489	0.3223603278601278
0.686915382024462	0.31770451009164624
0.6930028086646882	0.30792501721815463
0.7051776619451406	0.2866012229259885
0.7082213752652537	0.2809259203224499
0.7112650885853669	0.27512122796026584
0.7173525152255931	0.26314104899609153
0.7295273685060456	0.23782343531160025
0.7538770750669506	0.182822351676954
0.8025764881887605	0.06446432601269778
0.8058781788667737	0.05644280910769975
0.809179869544787	0.04845895425360235
0.8157832509008136	0.03263035637628351
0.8289900136128668	0.0017092406971938345
0.8322917042908802	-0.005680981014400356
0.8355933949688934	-0.013012800574228872
0.8421967763249201	-0.027503980708237986
0.8554035390369732	-0.05581514345819404
0.8587052297149864	-0.06248810018352415
0.8620069203929998	-0.06902802732784902
0.8686103017490263	-0.08168867449491433
0.8719119924270395	-0.08763329808843998
0.8752136831050529	-0.09353307021613072
0.8818170644610794	-0.10520007526295201
0.8851187551390927	-0.11018258483018863
0.888420445817106	-0.11512806079364314
0.8950238271731326	-0.12490955128684833
0.8983255178511459	-0.12974637044206763
0.9016272085291592	-0.1345477654650847
0.9049288992071725	-0.13931412409750152
0.9082305898851858	-0.14404582844269215
0.9115322805631991	-0.14806522718061288
0.9148339712412124	-0.15188887161236136
0.9181356619192257	-0.15542670402039932
0.921437352597239	-0.15893918293424844
0.9247390432752522	-0.16216145903666224
0.9280407339532656	-0.16517920278052872
0.9346441153092921	-0.17059440038375823
0.9379458059873054	-0.1729889894837995
0.9412474966653187	-0.1751733187940829
0.944549187343332	-0.17704699016874328
0.9478508780213453	-0.17890760825948518
0.9511525686993585	-0.18014964602526956
0.9544542593773718	-0.18138309076635373
0.9577559500553852	-0.18260803135143996
0.9610576407333984	-0.18382455542800577
0.9643593314114116	-0.1845215419474799
0.967661022089425	-0.18500618529001742
0.9709627127674383	-0.18517421934600262
0.9742644034454515	-0.18534111449867954
0.9775660941234648	-0.18519321941724462
0.9808677848014782	-0.18483661691271122
0.9841694754794914	-0.18416758429902788
0.9874711661575047	-0.18350302561596543
0.9907728568355181	-0.18252937353837267
0.9940745475135313	-0.1813536836703807
0.9973762381915446	-0.17997808424175987
1.000677928869558	-0.17840488339920824
1.0039796195475712	-0.17663656669783537
1.0072813102255846	-0.1746757944233158
1.0105830009035979	-0.17252539874724954
1.013884691581611	-0.17018838071840683
1.016966043290994	-0.16784175839424237
1.0200473950003768	-0.16533804960713167
1.0262100984191425	-0.15987078089436216
1.0292914501285253	-0.15691321783159484
1.0323728018379081	-0.15381055661321938
1.0385355052566738	-0.14718316190543126
1.0416168569660567	-0.14366530385266152
1.0446982086754395	-0.14001609236911317
1.0508609120942052	-0.1323384557249994
1.0631863189317368	-0.1155753455121086
1.0662676706411198	-0.11111496849007493
1.0693490223505027	-0.10655519022742045
1.0755117257692683	-0.09715487353899012
1.0878371326067997	-0.07735675365776216
1.1124879462818624	-0.03481599549142238
1.1155692979912453	-0.029315969214795408
1.118650649700628	-0.02379166567594601
1.1248133531193938	-0.01268984745602899
1.1371387599569251	0.00958956209828469
1.161789573631988	0.053370353238572
1.1648709253413712	0.05867821613576214
1.167952277050754	0.06393430173089859
1.1741149804695197	0.0742736270217669
1.186440387307051	0.09414219073686307
1.1895217390164339	0.09891672099162908
1.1926030907258167	0.10360636176846305
1.1987657941445824	0.11271599701981215
1.2110912009821138	0.12975725132700983
1.2144305300493967	0.13408207097765273
1.2177698591166797	0.13827477426892906
1.2244485172512458	0.14624911426891044
1.2277878463185288	0.15002379690069326
1.231127175385812	0.15365246179437855
1.2378058335203779	0.16045968198474006
1.241145162587661	0.16363264515675055
1.244484491654944	0.166648411675016
1.247823820722227	0.16950463321587497
1.2511631497895102	0.17219914468966413
1.2545024788567931	0.17472996623981424
1.257841807924076	0.17709530504587867
1.2645204660586422	0.18132330775499433
1.2678597951259252	0.1831833346427704
1.2711991241932084	0.18487260696135285
1.2745384532604913	0.18639028712980293
1.2778777823277743	0.18773573120988798
1.2812171113950575	0.18890848929388315
1.2845564404623404	0.1899083056865871
1.2878957695296234	0.19073511888128128
1.2912350985969065	0.1913890613295757
1.2945744276641895	0.1918704590052944
1.2979137567314725	0.19217983076277725
1.3012530857987556	0.1923178874901768
1.3045924148660386	0.1922855310585446
1.3079317439333216	0.19208385306772213
1.3112710730006047	0.19171413339024684
1.3146104020678877	0.19109380479491986
1.3179497311351707	0.1904766196902141
1.3212890602024536	0.18961231087373934
1.3246283892697366	0.1885869264825355
1.3279677183370198	0.18732122653189237
1.3313070474043027	0.18606187611367866
1.3346463764715857	0.1845671183596168
1.3379857055388689	0.18292109565661627
1.3446643636734348	0.17918692381580512
1.348003692740718	0.17710501289492078
1.351343021808001	0.174884306210811
1.358021679942567	0.1700406794653759
1.36136100900985	0.16722288298503304
1.364700338077133	0.16441887641802141
1.3713789962116991	0.158851830080164
1.374718325278982	0.15576571263354114
1.3780576543462653	0.15257274558590847
1.3847363124808312	0.14588462626949428
1.3980936287499635	0.1314340606460844
1.4248082612882276	0.0993839372222739
1.4280866901623903	0.09526416773740444
1.431365119036553	0.09112138605211145
1.4379219767848788	0.08278812876075796
1.45103569228153	0.06608069047757167
1.4543141211556927	0.06196821529433483
1.4575925500298554	0.05787423973554359
1.4641494077781811	0.04974129041331351
1.4772631232748323	0.03369198118047554
1.480541552148995	0.029841033603527998
1.4838199810231578	0.026050789093104668
1.4903768387714835	0.018671759498984117
1.4936552676456465	0.015193650512963239
1.4969336965198092	0.011730776313832082
1.5034905542681347	0.00485033363457084
1.5067689831422975	0.001616278759967743
1.5100474120164602	-0.0015206895442684417
1.516604269764786	-0.007487125597470907
1.5198826986389489	-0.010153277864691229
1.5231611275131116	-0.012807952960629018
1.529717985261437	-0.01808316680749195
1.5329964141355998	-0.020432934612140432
1.5362748430097626	-0.022656446754482834
1.5395532718839253	-0.024688917458106807
1.5428317007580883	-0.02671275039438739
1.5461101296322513	-0.028539944932471466
1.549388558506414	-0.03022969658802642
1.5526669873805767	-0.03171168054044651
1.5559454162547395	-0.033187419313659546
1.5592238451289022	-0.03445107551827663
1.562502274003065	-0.03556866449355116
1.5657807028772277	-0.036465644462841645
1.5690591317513907	-0.037358876090248634
1.5723375606255536	-0.0380285519623629
1.5756159894997164	-0.038546271077212285
1.5788944183738791	-0.038834684627585464
1.5821728472480419	-0.039121902931417894
1.5854512761222046	-0.03917830047247975
1.5887297049963673	-0.03907971334003822
1.59200813387053	-0.0388258420349192
1.595286562744693	-0.03841657185915377
1.598564991618856	-0.037851973481811435
1.6018434204930188	-0.037132303309444496
1.6051218493671815	-0.03625800366032237
1.6084002782413442	-0.03522970274181851
1.611678707115507	-0.03404821443050655
1.6149571359896697	-0.03271453785472343
1.6182355648638325	-0.031229856779543524
1.6215139937379952	-0.029595538794313238
1.624792422612158	-0.02781313430308442
1.6280708514863207	-0.025884375318481527
1.6346277092346464	-0.021595621355844627
1.6376857991401788	-0.01940264679535068
1.6407438890457111	-0.017089761392899555
1.6468600688567758	-0.012112821226474725
1.6499181587623082	-0.009453369216453473
1.6529762486678405	-0.006683208191686496
1.6590924284789053	-0.0008213366509728516
1.6621505183844376	0.0022647840103468173
1.66520860828997	0.005450438613223069
1.6713247881010347	0.012107896547751152
1.6835571477231641	0.026474140750263254
1.6866152376286965	0.030264088585795344
1.6896733275342288	0.03412592187085955
1.6957895073452935	0.04204957254983767
1.708021866967423	0.05858243273108906
1.7324865862116818	0.0934153382995096
1.7355446761172142	0.09784594348243444
1.7386027660227465	0.10227777104189598
1.7447189458338113	0.11112578214708192
1.7569513054559407	0.12862308040143072
1.760009395361473	0.13292753434648352
1.7630674852670054	0.13719427612904206
1.7691836650780701	0.14559516446187093
1.7814160247001996	0.16173146434766256
1.784474114605732	0.16559908458090078
1.7875322045112643	0.16939073417852787
1.793648384322329	0.17672771363386025
1.7967064742278613	0.18026397598685392
1.7997645641333937	0.18370614189716922
1.8058807439444584	0.19029074861475456
1.8089388338499908	0.19342465348042553
1.8119969237555231	0.1964473989224358
1.8181131035665878	0.2021432358184514
1.8211711934721202	0.2048084651730379
1.8242292833776526	0.20734681938216387
1.8303454631887173	0.2120282623463539
1.83366153045215	0.2143380904229141
1.8369775977155824	0.2164818329898304
1.840293664979015	0.21845537645731591
1.8436097322424474	0.22025477516862743
1.8469257995058799	0.22187625688958473
1.8502418667693126	0.2233162281514389
1.8535579340327453	0.22457127944129296
1.8568740012961777	0.22563819023441914
1.8601900685596102	0.22651393386295168
1.8635061358230427	0.22719568221557604
1.8668222030864752	0.22768081026299086
1.8701382703499079	0.22796690040407241
1.8734543376133406	0.2280517466278264
1.876770404876773	0.22793335848638852
1.8800864721402055	0.22760996487449128
1.883402539403638	0.22708001761100344
1.8867186066670705	0.2263421948183177
1.890034673930503	0.22539540409555076
1.8933507411939354	0.22423878548170842
1.8966668084573681	0.22287171420515645
1.8999828757208008	0.22129380321594086
1.9032989429842333	0.21950490549769264
1.9066150102476658	0.21739617866813227
1.9099310775110983	0.21529477428082058
1.9132471447745307	0.21287446457902323
1.9165632120379632	0.2102450187767405
1.9198792793013957	0.2072990736677382
1.9231953465648284	0.20436328764335845
1.926511413828261	0.20111391019297034
1.9298274810916936	0.19766121355487987
1.9364596156185585	0.19015443160047774
1.939775682881991	0.18610525661280902
1.9430917501454235	0.18186258231642477
1.9497238846722886	0.17280929922472835
1.9629881537260188	0.15253274692204602
1.9663042209894512	0.1470355696463182
1.9696202882528837	0.1413763796612582
1.9762524227797489	0.12959224884175355
1.989516691833479	0.1043157606534063
1.9928327590969115	0.09767558917535127
1.9961488263603442	0.09091979863329246
2.0027809608872094	0.07708861026710946
2.0160452299409393	0.04834944795698303
2.0425737680483995	-0.011674193510133383
2.0456694963432014	-0.01874774124592876
2.0487652246380037	-0.025810140772685917
2.0549566812276083	-0.03987133517292035
2.0673395944068167	-0.06752427590128139
2.070435322701619	-0.07429421379417128
2.073531050996421	-0.08099103590404562
2.079722507586025	-0.09413343507608149
2.0921054207652334	-0.1191886388870029
2.0952011490600357	-0.12514932921906913
2.0982968773548376	-0.13097267217681588
2.104488333944442	-0.14217519285977387
2.107584062239244	-0.14753836289107503
2.110679790534046	-0.1527321825975275
2.11687124712365	-0.16258012702322272
2.1199669754184525	-0.1672185458351235
2.1230627037132543	-0.17165621494110703
2.126158432008056	-0.17578337655520793
2.1292541603028585	-0.1798985371867828
2.132349888597661	-0.18368798494959232
2.1354456168924627	-0.1872462845275892
2.141637073482067	-0.19363994398333714
2.144732801776869	-0.1964607952196978
2.147828530071671	-0.1990214929503963
2.150924258366473	-0.20131504861072916
2.1540199866612753	-0.20333459051687178
2.1571157149560776	-0.2050733696483687
2.1602114432508794	-0.20652476536331185
2.1633071715456813	-0.20768229104164
2.1664028998404836	-0.2085395996520513
2.169498628135286	-0.20909048923806978
2.172594356430088	-0.20932890831885964
2.1756900847248897	-0.209248961200441
2.178785813019692	-0.20884491319303514
2.1818815413144943	-0.20811119573031073
2.184977269609296	-0.20704241138639687
2.188072997904098	-0.2056333387865869
2.1911687261989004	-0.2038789374077347
2.1942644544937027	-0.20177435226443688
2.1973601827885045	-0.19931491847715713
2.2004559110833064	-0.19649616571855033
2.2035516393781087	-0.19331382253433502
2.206647367672911	-0.18976382053513755
2.209743095967713	-0.18584229845584338
2.2128388242625148	-0.18154560607907955
2.215934552557317	-0.17687030801955883
2.2190302808521194	-0.17181318736611267
2.2221260091469213	-0.16637124917834806
2.225221737441723	-0.16054172383497145
2.2283174657365254	-0.15432207023094074
2.2314131940313278	-0.1477099788207037
2.2345089223261296	-0.1407033745049092
2.240700378915734	-0.12549951519491534
2.2437352070174157	-0.11746448104632243
2.2467700351190976	-0.10904464744582927
2.2528396913224613	-0.09104752305174411
2.255874519424143	-0.081469277685502
2.258909347525825	-0.07150432671266362
2.264979003729189	-0.050414958692734074
2.2680138318308707	-0.039291454647325655
2.2710486599325526	-0.027783072741363168
2.2771183161359163	-0.0036161039614567075
2.289257628542644	0.04927433897198873
2.2922924566443257	0.06343421417649708
2.2953272847460076	0.0779639282110206
2.3013969409493713	0.10812084653944751
2.313536253356099	0.17272733141091215
2.3378148781695534	0.31813922666088706
2.340849706271235	0.33773339304450567
2.3438845343729167	0.35762281121972195
2.3499541905762804	0.3982611620046274
2.362093502983008	0.482781168813953
2.386372127796463	0.6630805489700206
2.434929377423373	1.052881749483526
2.4382221828829547	1.0799686389360024
2.441514988342537	1.1070645543779916
2.448100599261701	1.1612288992191493
2.4612718211000293	1.2690633834437932
2.4876142647766857	1.4796723722748373
2.4909070702362675	1.5052571725964385
2.4941998756958497	1.5306321895902384
2.5007854866150137	1.580699787589801
2.5139567084533416	1.677739818139459
2.540299152129998	1.856632640436584
2.5435919575895802	1.8773383105156956
2.546884763049162	1.89763857087425
2.5534703739683264	1.9369805754051237
2.5666415958066544	2.010348065335551
2.569934401266236	2.0275264525319256
2.5732272067258184	2.0442213521142154
2.5798128176449824	2.0761267286108502
2.5929840394833104	2.1337784232127914
2.596276844942892	2.1468656068033956
2.5995696504024743	2.1594091275543628
2.6061552613216383	2.182840996790123
2.6094480667812205	2.193718067991882
2.6127408722408028	2.2040289288679915
2.6193264831599667	2.2229331229733487
2.622619288619549	2.2315178543870706
2.6259120940791307	2.2395191769269656
2.629204899538713	2.2469336471964314
2.632497704998295	2.2537581684863346
2.635790510457877	2.2599899924220663
2.639083315917459	2.2656267203527927
2.6423761213770414	2.2706663044823316
2.645668926836623	2.2751070487412863
2.6487413933275747	2.278709376089998
2.6518138598185264	2.281788337315678
2.654886326309478	2.2843433851534054
2.6579587928004296	2.286374239671538
2.661031259291381	2.28788088800528
2.664103725782333	2.288863583920835
2.6671761922732844	2.2893228472108134
2.670248658764236	2.2892594629216525
2.6733211252551876	2.288674480413959
2.6763935917461392	2.287569212256781
2.679466058237091	2.285945232956938
2.6825385247280424	2.283804377524659
2.685610991218994	2.281148739876877
2.6886834577099457	2.2779806710796713
2.6917559242008973	2.2743027774314255
2.694828390691849	2.2701179183884013
2.6979008571828005	2.26542920433454
2.700973323673752	2.2602399941973874
2.7040457901647037	2.2545538929121753
2.7071182566556553	2.248374748736168
2.710190723146607	2.2417066504155048
2.7132631896375585	2.2345539242068497
2.7194081226194617	2.218813061837945
2.7224805891104134	2.210234736955027
2.725553055601365	2.201191399805847
2.731697988583268	2.181731762351826
2.73477045507422	2.171327036781131
2.7378429215651714	2.1604804404458995
2.743987854547074	2.1374870643711747
2.7470603210380258	2.125353495480989
2.750132787528977	2.1128044686233145
2.75627772051088	2.0864885495395136
2.7685675864746866	2.029194734280239
2.771640052965638	2.013945641359439
2.77471251945659	1.9983425656339637
2.780857452438493	1.9661082002285053
2.7931473184022995	1.89777034629321
2.796219784893251	1.8799320576229055
2.7992922513842027	1.8618106117404998
2.805437184366106	1.824755824372576
2.8177270503299123	1.7476667235615475
2.842306782257525	1.5837742082814512
2.845637226106377	1.5607865177112628
2.8489676699552287	1.5376528408117152
2.855628557652932	1.4909994022987807
2.8689503330483395	1.396510719535386
2.8955938838391537	1.2056743019096448
2.8989243276880057	1.1818903802143923
2.902254771536857	1.1581629549589167
2.9089156592345606	1.1109251587186266
2.9222374346299675	1.0176429012431083
2.948880985420782	0.8383169283242563
2.9522114292696333	0.8167811116467373
2.9555418731184853	0.7954729123298468
2.962202760816189	0.753575256182315
2.975524536211596	0.672893187969721
2.978854980060448	0.6534181211180677
2.9821854239092995	0.6342363198360847
2.988846311607003	0.5967806736957733
3.00216808700241	0.5256838841525491
3.005498530851262	0.5087393774520703
3.0088289747001133	0.4921376871429578
3.015489862397817	0.4599824912658214
3.028811637793224	0.3999878497264244
3.0321420816420757	0.385910768034693
3.0354725254909276	0.37220893454375464
3.0421334131886315	0.3459420798756605
3.0554551885840384	0.2980180394098007
3.05872473223977	0.28720511066147336
3.0619942758955014	0.2767684529534555
3.0685333632069645	0.25702643642495904
3.071802906862696	0.24772172613979684
3.0750724505184275	0.23879458865841657
3.0816115378298905	0.22207176652447588
3.084881081485622	0.21427488042123102
3.0881506251413535	0.20685317016121388
3.0946897124528165	0.1931304379698256
3.097959256108548	0.18682645951148183
3.1012287997642796	0.18089175091665488
3.107767887075743	0.17012194565743238
3.111037430731475	0.1652822504187847
3.1143069743872065	0.1608026359759145
3.117576518042938	0.15668032168041804
3.1208460616986695	0.1529123420074652
3.124115605354401	0.14949555098099077
3.1273851490101325	0.14642662669862536
3.130654692665864	0.1437020759517912
3.1339242363215956	0.1413182389363384
3.137193779977327	0.13927129404905395
3.1404633236330586	0.1375572627653267
3.14373286728879	0.13617201459322195
3.1470024109445216	0.13511127209918547
3.150271954600253	0.13437061600055641
3.1535414982559846	0.13394549032006686
3.156811041911716	0.13383120759746545
3.1600805855674476	0.13402295415339466
3.163350129223179	0.13451579540064712
3.1666196728789107	0.13530468119790837
3.169889216534642	0.1363844512411019
3.1731587601903737	0.13774984048744454
3.176428303846105	0.13939548460733817
3.1796978475018367	0.14131592545922783
3.182967391157568	0.1435056165825683
3.1862369348132997	0.14595892870407196
3.1895064784690312	0.14867015525242505
3.1927760221247627	0.1516335178766888
3.1960455657804943	0.15484317196363892
3.1993151094362258	0.15829321214932612
3.2025846530919573	0.16197767782018488
3.205854196747689	0.16589055859906418
3.2123932840591523	0.17437730792833409
3.215662827714884	0.17893895597832277
3.2189323713706157	0.1837045889294446
3.2254714586820787	0.19382308111712543
3.238549633305005	0.2162351892242272
3.2418191769607363	0.22225512908262862
3.245088720616468	0.2284294347322336
3.251627807927931	0.24121647431767332
3.264705982550857	0.26837313454050843
3.2677551872379578	0.27497600256379134
3.270804391925059	0.28167131027133246
3.2769028012992614	0.29532025387996963
3.289099620047666	0.3235211318455956
3.3134932575444744	0.3825386266696099
3.362280532538092	0.5039960730894262
3.365329737225193	0.5115016974880371
3.3683789419122943	0.5189806530747121
3.3744773512864965	0.5338493593624494
3.386674170034901	0.5631709460436655
3.4110678075317096	0.6197595695195931
3.459855082525327	0.7228488509552063
3.4631622645703284	0.7293195035548073
3.4664694466153296	0.7357254424150858
3.473083810705332	0.7483458102644713
3.486312538885337	0.7728439908272207
3.5127699952453475	0.8191261683852185
3.565684907965368	0.9037128627075094
3.568992090010369	0.9087815803827513
3.5722992720553703	0.9138369715950583
3.578913636145373	0.923916064479312
3.592142364325378	0.9440049156198322
3.618599820685388	0.9843479058432887
3.6715147334054086	1.0687561500325524
3.6746015764817797	1.0739222279489118
3.6776884195581503	1.0791200010958584
3.683862105710892	1.089612696891748
3.6962094780163754	1.1109980979973095
3.720904222627342	1.1554138472845845
3.770293711849275	1.250440491753695
3.7733805549256463	1.2566111275541447
3.776467398002017	1.2628033986686398
3.7826410841547586	1.2752481911653442
3.794988456460242	1.300343863611069
3.8196832010712085	1.3510485221782627
3.869072690293142	1.451623046986729
3.872417510727413	1.4582574475855623
3.875762331161684	1.4648562893706574
3.8824519720302257	1.4779377975741705
3.8958312537673097	1.503569861875095
3.922589817241478	1.5521894010657986
3.9259346376757494	1.5579748497623636
3.9292794581100203	1.5636881532964921
3.9359690989785623	1.5748899674265517
3.949348380715646	1.5963378622254591
3.952693201149917	1.6011981634611983
3.956038021584188	1.6060502459514145
3.96272766245273	1.6157298379416571
3.976106944189814	1.6349913087644066
3.979451764624085	1.6393919513386261
3.982796585058356	1.6436916656706868
3.989486225926898	1.6519827476177984
3.992831046361169	1.655820575878926
3.99617586679544	1.65965197957476
4.002865507663982	1.6672955776914486
4.006210328098253	1.6708524878641495
4.009555148532524	1.674298751721723
4.016244789401066	1.6808555373131258
4.02962407113815	1.6926027214566912
4.032968891572421	1.6952506461310015
4.036313712006692	1.6977818106380926
4.043003352875234	1.702491897623424
4.046348173309505	1.7046699831384169
4.049692993743776	1.706729634163129
4.0563826346123175	1.7104925866631586
4.0597274550465885	1.7121955061836531
4.0630722754808595	1.7137792264950176
4.0664170959151305	1.7152436957976536
4.069761916349401	1.7165889170646431
4.073106736783672	1.7178149474695987
4.076451557217943	1.7189218977692264
4.079796377652215	1.7198513427571231
4.083141198086486	1.7207792649827947
4.086425118327638	1.7215175500260562
4.089709038568788	1.7221419757596468
4.092992958809939	1.7226528890887773
4.096276879051089	1.723050682473967
4.09956079929224	1.7233357931127298
4.102844719533391	1.7235087020901503
4.106128639774543	1.7235699334996368
4.109412560015693	1.7235200535351578
4.112696480256844	1.7233596695562892
4.115980400497994	1.7230894291274144
4.119264320739145	1.7227100190324416
4.122548240980296	1.722222164266404
4.125832161221448	1.7216266270053382
4.129116081462598	1.720924205555827
4.132400001703749	1.7201157332856196
4.135683921944899	1.7192020775367396
4.13896784218605	1.718184138522492
4.1422517624272	1.7170628482098078
4.145535682668351	1.7158391691883255
4.148819602909502	1.7145140935276615
4.152103523150654	1.7130886416242685
4.155387443391804	1.7115638610393187
4.161955283874105	1.7082206328687863
4.165239204115256	1.7064044056726355
4.1685231243564065	1.7044932882092587
4.1750909648387085	1.7003910655128083
4.1882266458033115	1.6911005085359379
4.191510566044462	1.6885588416055477
4.194794486285613	1.685932106427247
4.2013623267679145	1.680428615666233
4.214498007732518	1.6684583805549158
4.217781927973668	1.6652729050763548
4.221065848214819	1.6620129464143056
4.227633688697121	1.655274974640889
4.240769369661724	1.6409646389481638
4.244053289902874	1.63722109570694
4.247337210144025	1.6334138583612094
4.253905050626327	1.6256136473371876
4.26704073159093	1.6093073566459857
4.293312093520136	1.57416073190147
4.296375674792657	1.5698646997820656
4.299439256065177	1.5655308800943186
4.305566418610217	1.5567536700581983
4.317820743700299	1.5387868635810276
4.342329393880461	1.5014006347428936
4.391346694240786	1.4222220566111825
4.489381294961437	1.2549905419008185
4.492702853591858	1.2492601202168305
4.496024412222278	1.2435311909051616
4.502667529483119	1.2320799400078668
4.515953764004802	1.209218932386299
4.542526233048166	1.1637868392029669
4.595671171134894	1.0751583748068065
4.598992729765315	1.0697646107747596
4.6023142883957355	1.0643922412184308
4.608957405656576	1.0537147058333656
4.622243640178258	1.0326500320041496
4.648816109221622	0.9918608088698084
4.70196104730835	0.9171330024519276
4.70506226697014	0.9131097644004936
4.70816348663193	0.9091280451583128
4.71436592595551	0.9012917752221041
4.726770804602671	0.8861458131626067
4.729872024264461	0.882623532440239
4.732973243926251	0.8791058675758815
4.739175683249831	0.872084349174921
4.751580561896991	0.8580963052848632
4.75468178155878	0.8548114489207185
4.75778300122057	0.8515775378953174
4.76398544054415	0.8452645027536557
4.776390319191311	0.8332703929111391
4.779491538853101	0.8305867849644973
4.782592758514891	0.8279066573299578
4.788795197838471	0.8225568159510196
4.801200076485632	0.8118986004088581
4.804301296147422	0.809478812226132
4.807402515809212	0.8071158220384601
4.813604955132792	0.8025610303725659
4.816706174794582	0.8004518449624688
4.819807394456372	0.7983453737883274
4.826009833779953	0.7941405532177205
4.829111053441743	0.792179645532351
4.832212273103533	0.7902765539305291
4.838414712427113	0.786643896632079
4.8508195910742735	0.780071905132014
4.853920810736064	0.7785729075978499
4.857022030397854	0.7771312618985056
4.863224469721434	0.7744193342066882
4.866325689383224	0.7731486450049364
4.869426909045014	0.7719344931439046
4.875629348368594	0.7696747166586362
4.8787305680303845	0.7686284882231845
4.881831787692175	0.7676375895852837
4.884933007353965	0.7667283703940379
4.888034227015755	0.7658203049133847
4.891135446677545	0.7649931197370321
4.894236666339335	0.7642196663096874
4.900439105662914	0.762832091896645
4.903479425131584	0.7622285595470217
4.906519744600255	0.7616747756956924
4.909560064068924	0.7611702192437187
4.912600383537594	0.7607143479027468
4.915640703006264	0.760306598433063
4.918681022474933	0.7599463868984897
4.921721341943603	0.7596331089379724
4.924761661412273	0.759366140053698
4.927801980880942	0.7591448359155659
4.930842300349612	0.7589685326818177
4.933882619818283	0.7588365473356201
4.936922939286952	0.7587481780373729
4.939963258755622	0.7587027044925148
4.9430035782242925	0.7586993883345614
4.946043897692962	0.758737473523122
4.949084217161632	0.7588161867566088
4.9521245366303015	0.7589347378993426
4.955164856098971	0.7590923204227575
4.958205175567642	0.7592881118603728
4.961245495036311	0.7595212742762077
4.964285814504981	0.7597909547462908
4.967326133973652	0.7600962858529052
4.970366453442321	0.760436386191203
4.973406772910991	0.7608103608878046
4.976447092379661	0.7612173021309959
4.97948741184833	0.7616562897121154
4.98556805078567	0.7626266643921118
4.988608370254339	0.7631561541097798
4.991648689723009	0.763713896557332
4.997729328660349	0.7649102358634298
5.000769648129019	0.7655468590967974
5.0038099675976895	0.7662077890325938
5.009890606535029	0.7675985394123002
5.0220518844097075	0.7706270688095612
5.025092203878377	0.771429666550621
5.028132523347047	0.7722483796990991
5.034213162284387	0.7739299932880269
5.046374440159067	0.7774408244040739
5.095019551657784	0.7922485216403876
5.0983178484843545	0.7932321636599662
5.101616145310924	0.7942064965853017
5.108212738964064	0.7961227280436803
5.121405926270344	0.7997950501676773
5.124704223096915	0.8006736898925342
5.128002519923484	0.8015345626892024
5.134599113576624	0.8031992248091133
5.147792300882904	0.8062752189477361
5.151090597709475	0.8069865552015953
5.154388894536044	0.8076732664890189
5.160985488189184	0.8089699326944279
5.164283785015755	0.8095785237462412
5.167582081842324	0.8101597630309277
5.174178675495464	0.811237806547761
5.177476972322035	0.811733502049588
5.180775269148604	0.8121996290347395
5.184073565975174	0.8126357158336198
5.1873718628017444	0.8130413243951328
5.190670159628315	0.8134160505419548
5.1939684564548845	0.813759524196679
5.197266753281454	0.8140714095786695
5.2005650501080245	0.814351405371503
5.203863346934595	0.8145992448608927
5.2071616437611645	0.8148146960430335
5.210459940587734	0.8149975617033163
5.2137582374143046	0.8151476794654097
5.217056534240875	0.8152649218107171
5.220354831067445	0.8153491960682625
5.223653127894014	0.8154004443750729
5.226951424720585	0.8154186436071629
5.230249721547155	0.8154038052812541
5.233548018373725	0.8153559754273839
5.236846315200294	0.8152752344325945
5.240144612026865	0.8151616968559166
5.243442908853435	0.8150155112148858
5.246741205680005	0.8148368597438673
5.250039502506574	0.8146259581244775
5.253337799333145	0.8143830551884269
5.256636096159715	0.8141084325931373
5.259934392986285	0.8138024044704942
5.263232689812854	0.8134653170491458
5.266530986639425	0.81309754825076
5.269829283465995	0.8126995072606947
5.273127580292565	0.8122716340735435
5.279724173945705	0.8113283022339364
5.283022470772275	0.8108138731850856
5.286320767598845	0.8102716700697963
5.292917361251985	0.809106314745832
5.306110548558265	0.8064699291467862
5.309188506416204	0.8057999439874959
5.312266464274144	0.805110452843525
5.318422379990023	0.803675526051873
5.330734211421781	0.8006008221117018
5.355357874285298	0.7937956280208877
5.358435832143238	0.7928986669147522
5.361513790001178	0.7919941321449325
5.367669705717057	0.7901657078276156
5.379981537148815	0.7864553791810776
5.404605200012331	0.7790162286485651
5.40768315787027	0.778101804712875
5.41076111572821	0.7771937660516728
5.41691703144409	0.7754003643944404
5.429228862875847	0.7719287124235027
5.432306820733787	0.7710898305847647
5.435384778591727	0.7702642675337219
5.441540694307606	0.7686564570458769
5.453852525739364	0.765637165089369
5.456930483597304	0.764927944934484
5.460008441455244	0.7642385380917227
5.466164357171123	0.7629222215820187
5.469242315029062	0.7622968111629727
5.472320272887002	0.7616942116361797
5.478476188602881	0.7605603047660651
5.481554146460821	0.7600303933977478
5.48463210431876	0.7595260840560145
5.487710062176699	0.7590612345063282
5.490788020034639	0.7585969061158339
5.493865977892579	0.7581733171782403
5.496943935750519	0.7577778888809148
5.500021893608459	0.7574256975985624
5.503099851466398	0.7570739002868645
5.506435786682237	0.7567421029109741
5.509771721898077	0.7564461433295713
5.513107657113917	0.7561866982066404
5.516443592329757	0.7559644201204054
5.519779527545596	0.7557799372005937
5.523115462761436	0.7556338527899416
5.526451397977276	0.7555267451300627
5.5297873331931156	0.7554591670717734
5.533123268408955	0.7554316458099432
5.536459203624795	0.7554446826429129
5.539795138840635	0.7554987527564975
5.5431310740564745	0.7555943050325654
5.546467009272314	0.7557317618821585
5.549802944488154	0.7559115191030955
5.553138879703994	0.7561339457619728
5.5564748149198335	0.7563993841004544
5.559810750135673	0.7567081494657186
5.563146685351513	0.7570605302649022
5.566482620567353	0.7574567879433599
5.5698185557831925	0.7578971569865397
5.573154490999032	0.7583818449452387
5.576490426214872	0.7589110324839944
5.5831622966465515	0.7601034949786091
5.586498231862391	0.7607669975860333
5.589834167078231	0.7614754553306976
5.5965060375099105	0.7630274010988526
5.59984197272575	0.7638709064402228
5.60317790794159	0.7647594019779761
5.6098497783732695	0.7666711165666482
5.613185713589109	0.7676941493589733
5.616521648804949	0.768761800409681
5.6231935192366285	0.7710303152572444
5.626529454452468	0.7722307984663914
5.629865389668308	0.773475139477814
5.6365372600999875	0.7760943795583886
5.639873195315827	0.7774687151978054
5.643209130531667	0.778885782621974
5.6498810009633464	0.7818467498892444
5.663224741826705	0.7882653391762867
5.666560677042545	0.7899710061297953
5.669896612258385	0.7917161669670666
5.676568482690064	0.7953230027928153
5.689912223553423	0.8029880538722876
5.716599705280141	0.8199941851468563
5.719874740302862	0.8222231647196734
5.723149775325581	0.8244810706658289
5.7296998453710195	0.8290810541104334
5.742799985461897	0.8385990872660405
5.769000265643653	0.8587543254030048
5.8214008260071655	0.9022904731706469
5.824675861029885	0.9051700497255686
5.827950896052604	0.9080463899065963
5.834500966098044	0.9137893829467528
5.847601106188922	0.9252367716542278
5.873801386370678	0.9479783647315965
5.92620194673419	0.9928582949233117
5.92925664278828	0.9954251682620845
5.932311338842369	0.9979832484376961
5.938420730950547	1.0030717189398881
5.950639515166904	1.0131290404135005
5.975077083599616	1.032698755999673
5.978131779653705	1.0350884600801895
5.981186475707794	1.0374647325912922
5.987295867815972	1.0421759846789314
5.999514652032328	1.0514265410548371
6.023952220465041	1.069188475102114
6.027006916519131	1.0713351603409869
6.03006161257322	1.073464801208398
6.036171004681398	1.0776721371480307
6.048389788897754	1.0858734346822112
6.072827357330466	1.1013789754345393
6.0758820533845554	1.103229356288219
6.078936749438644	1.1050595980268036
6.085046141546822	1.1086589203286652
6.097264925763179	1.115607733598937
6.121702494195891	1.12846473623166
6.125015167607881	1.1300968485834078
6.128327841019869	1.1317017910977376
6.134953187843848	1.1348292334649026
6.1482038814918045	1.1407478339212438
6.151516554903794	1.1421560730287974
6.1548292283157835	1.1435352866420652
6.161454575139762	1.1462057215177417
6.174705268787719	1.1511882708531895
6.178017942199708	1.1523579503466133
6.181330615611698	1.1534968046800513
6.187955962435676	1.155681169140511
6.191268635847665	1.156726250491163
6.194581309259654	1.1577396495076269
6.201206656083633	1.1596705717295968
6.204519329495622	1.1605876881013253
6.207832002907612	1.161472308899923
6.21445734973159	1.1631432881105497
6.217770023143579	1.1638803909613504
6.221082696555568	1.1646167088102037
6.227708043379547	1.1660869945128138
6.231020716791536	1.16673892044281
6.234333390203526	1.1673569121614005
6.237646063615514	1.1679239913466706
6.240958737027504	1.1684904685256725
6.244271410439493	1.1690057356818289
6.247584083851482	1.169486474166473
6.2508967572634715	1.169915384551397
6.254209430675461	1.1703438405735294
6.2575221040874505	1.1707202235637957
6.26083477749944	1.1710615885444005
6.2641474509114285	1.1713678315746372
6.267460124323418	1.171638856596549
6.2707727977354075	1.1718745756961362
6.274085471147396	1.1720749093631453
6.277398144559386	1.1722397867490435
6.280710817971375	1.1723691459227872
6.284023491383365	1.172462934123996
6.287336164795354	1.1725211080131472
6.290648838207343	1.172543633918396
6.293961511619332	1.1725304880786445
6.297274185031322	1.1724816568824736
6.30058685844331	1.1723971371025639
6.3038995318553	1.1722769361252252
6.307212205267289	1.1721210721746709
6.310524878679279	1.1719295745316654
6.313837552091268	1.1717024837461911
6.317150225503257	1.1714398518437754
6.320462898915246	1.171141742525132
6.323775572327236	1.1708082313587742
6.327088245739224	1.1704394059662648
6.330400919151214	1.1700353661997762
6.333713592563203	1.1695962243116433
6.336805927006562	1.169154723836786
6.339898261449921	1.1686828556715834
6.346082930336639	1.1676485112370831
6.349175264779998	1.1670863071718973
6.352267599223357	1.166494279997686
6.358452268110074	1.1652214112976431
6.361544602553433	1.1645409227534593
6.364636936996792	1.1638313171829362
6.37082160588351	1.1623255743093626
6.3831909436569445	1.1589742801970884
6.3862832781003025	1.1580671015996353
6.389375612543661	1.157132716012869
6.395560281430379	1.1551834776704457
6.407929619203815	1.150971791917616
6.4110219536471735	1.1498555432932118
6.414114288090532	1.1487146646601074
6.42029895697725	1.1463604999334644
6.432668294750686	1.1413734726086122
6.435760629194045	1.1400710444120539
6.4388529636374034	1.1387472052860481
6.445037632524121	1.1360370832345628
6.457406970297557	1.130380082618146
6.482145645844427	1.1182301618021326
6.531622996938168	1.091568795649531
6.5346544311884065	1.0898735991789548
6.537685865438645	1.08817479807064
6.543748733939122	1.0847687233829346
6.5558744709400765	1.0779390995906162
6.580125944941985	1.0643408518204738
6.583157379192223	1.0626580769186287
6.586188813442462	1.0609809821376692
6.5922516819429395	1.0576460733310165
6.604377418943894	1.0510688181349488
6.628628892945803	1.03840365290685
6.631660327196041	1.0368763013957556
6.63469176144628	1.0353629622685658
6.640754629946757	1.0323801637918602
6.652880366947711	1.0266025040099191
6.6559118011979495	1.0251997250048461
6.658943235448188	1.0238144140349503
6.665006103948666	1.0210977454313388
6.67713184094962	1.0158904946384624
6.680163275199859	1.014637800844989
6.683194709450097	1.013405403155762
6.689257577950574	1.0110027044611687
6.701383314951529	1.0064535142820703
6.704414749201767	1.0053710872415638
6.7074461834520065	1.0043110735559668
6.713509051952483	1.0022591210853786
6.725634788953437	0.9984326828067254
6.7289242005615755	0.9974594996285808
6.732213612169715	0.9965143131993651
6.738792435385992	0.9947084897953251
6.742081846994131	0.9938480899537295
6.74537125860227	0.993016161174365
6.751950081818547	0.9914380048564919
6.755239493426686	0.9906918792987159
6.758528905034825	0.9899744289195646
6.7651077282511025	0.9886255744765811
6.768397139859241	0.9879941397159278
6.77168655146738	0.9873913190001427
6.778265374683658	0.986271280478234
6.781554786291796	0.985753903449927
6.784844197899935	0.9852648223821839
6.788133609508074	0.9848039188854152
6.791423021116213	0.984371059424492
6.794712432724351	0.983966095540058
6.79800184433249	0.983588864081111
6.804580667548768	0.9829168738498163
6.807870079156906	0.9826217175631972
6.8111594907650455	0.982353499213443
6.814448902373185	0.9821119860564789
6.817738313981323	0.9818969322740678
6.821027725589461	0.9817080792777315
6.8243171371976	0.9815451560216671
6.827606548805738	0.9814078793243353
6.830895960413877	0.9812959541983828
6.8341853720220165	0.9812090741885641
6.837474783630155	0.9811469217173089
6.840764195238293	0.9811091684375818
6.8440536068464315	0.9810954755926752
6.84734301845457	0.9811054943825631
6.850632430062709	0.9811388663364472
6.853921841670848	0.9811952236911113
6.857211253278987	0.9812741897747067
6.860500664887125	0.9813753793955763
6.863790076495264	0.9814983992357246
6.867079488103403	0.9816428482485438
6.870368899711542	0.9818083180603889
6.87365831131968	0.9819943933756085
6.876947722927819	0.9822006523846203
6.8802371345359585	0.9824266671746307
6.883526546144097	0.9826720041425877
6.886815957752235	0.9829362244099612
6.890105369360374	0.9832188842389394
6.896684192576652	0.9838377258378885
6.89997360418479	0.984172999593265
6.90326301579293	0.9845248977168332
6.909841839009207	0.9852767176322632
6.9131312506173455	0.9856757092326789
6.916420662225485	0.9860894656459844
6.922999485441762	0.9869593973602014
6.936157131874317	0.9888557903684355
6.939226204513826	0.9893256571866178
6.942295277153335	0.9898051421791663
6.948433422432351	0.9907914627003274
6.9607097129903845	0.992863092887746
6.985262294106451	0.9973213989379306
7.034367456338584	1.0069076495399114
7.037436528978093	1.0075158657867989
7.040505601617601	1.0081236542392165
7.046643746896617	1.0093370905343346
7.058920037454651	1.0117498125190725
7.083472618570717	1.016480236826665
7.13257778080285	1.025354126459417
7.135904830800259	1.0259221843422268
7.1392318807976665	1.0264858986322947
7.1458859807924835	1.0276003605090664
7.1591941807821176	1.0297782878775985
7.185810580761386	1.0339427879849625
7.239043380719922	1.0416753740898335
7.345508980636994	1.0564195495134452
7.348615691665772	1.0568577311806635
7.35172240269455	1.0572966853219126
7.357935824752107	1.0581768379279795
7.3703626688672195	1.0599453194021082
7.395216357097444	1.0635042330503912
7.398323068126222	1.0639478026053835
7.401429779155	1.0643909997884236
7.407643201212556	1.0652762789126868
7.420070045327668	1.067042389268293
7.444923733557893	1.0705569223478804
7.448030444586671	1.0709864331721444
7.451137155615449	1.0714137485453072
7.4573505776730045	1.0722611473917179
7.469777421788117	1.0739223505367104
7.472884132816896	1.0743171097524065
7.475990843845674	1.0747115408770613
7.4822042659032295	1.0754994204879817
7.494631110018341	1.0770712605614496
7.497737821047119	1.077445088520307
7.500844532075897	1.0778139060833296
7.507057954133454	1.0785357686674646
7.519484798248566	1.0799112237234907
7.522591509277344	1.080239791308515
7.525698220306122	1.0805618758294344
7.531911642363678	1.0811858762256172
7.54433848647879	1.0823482591759839
7.547384297314448	1.0826147592155084
7.550430108150106	1.0828736946103046
7.556521729821421	1.0833682580683466
7.5595675406570795	1.0836035862721352
7.562613351492737	1.0838307504156943
7.568704973164053	1.0842600201446098
7.571750783999711	1.0844618508615507
7.574796594835369	1.0846549680633095
7.580888216506684	1.0850145518038001
7.583934027342343	1.085180772969666
7.586979838178	1.0853377901305312
7.593071459849316	1.085623767032976
7.596117270684974	1.085752514986823
7.599163081520632	1.0858716355861533
7.602208892356289	1.0859810343528324
7.605254703191948	1.0860806215640795
7.608300514027605	1.0861703123509017
7.611346324863263	1.086250026792151
7.614392135698921	1.0863196900041123
7.6174379465345785	1.0863792322255348
7.620483757370236	1.0864285888980294
7.623529568205894	1.0864677007417558
7.626575379041552	1.0864965138263214
7.629621189877209	1.0865149796368354
7.632667000712868	1.0865230551350475
7.635712811548525	1.0865207028155175
7.638758622384183	1.0865078907567656
7.641804433219841	1.0864845926673525
7.644850244055499	1.0864507879268497
7.647896054891157	1.0864064616216615
7.650941865726814	1.0863516045756696
7.653987676562473	1.0862862133756686
7.65703348739813	1.086210290391574
7.6600792982337875	1.0861238437913876
7.663125109069446	1.0860268875509027
7.666170919905103	1.0859194414581492
7.669216730740761	1.0858015311125735
7.672262541576419	1.0856731879189567
7.675308352412077	1.0855344490760848
7.678354163247734	1.0853853575601762
7.6813999740833925	1.085225962103095
7.68444578491905	1.085056317165367
7.690537406590366	1.0846865251353592
7.693583217426024	1.0844865152924796
7.696629028261682	1.084276530377959
7.702720649932997	1.0838269708719437
7.705766460768656	1.0835875776362658
7.708812271604313	1.0833385719112298
7.714903893275629	1.0828121440363236
7.7179497041112874	1.0825349452816895
7.720995514946945	1.0822485806613382
7.727087136618261	1.0816488554060057
7.7392703799608915	1.080345196773639
7.74257416815445	1.0799686676693534
7.745877956348007	1.0795826912995226
7.752485532735124	1.0787832207122905
7.765700685509355	1.077080267668644
7.792130991057819	1.0733106093093894
7.795434779251377	1.0728101336170464
7.798738567444936	1.07230401624835
7.805346143832051	1.071275919386904
7.818561296606283	1.06916380389328
7.844991602154748	1.0647767186203663
7.848295390348306	1.064218355956858
7.851599178541864	1.0636586703814612
7.85820675492898	1.0625363835983594
7.871421907703212	1.0602873832515254
7.897852213251676	1.0558269114821732
7.950712824348604	1.0474386254822312
7.953796273573531	1.0469826529836896
7.956879722798458	1.0465310429085075
7.9630466212483135	1.0456412302873828
7.975380418148024	1.043917169076351
8.000048011947445	1.0407021033623545
8.003131461172373	1.0403226016936098
8.0062149103973	1.0399481000258237
8.012381808847156	1.0392140626817021
8.024715605746866	1.037805315091375
8.049383199546286	1.0352165121581818
8.052466648771212	1.0349132423693208
8.05555009799614	1.0346142466880037
8.061716996445995	1.0340287330625477
8.074050793345705	1.0329049812680113
8.098718387145126	1.0308224697201998
8.148053574743969	1.0270872799588486
8.151395001326797	1.026844023907545
8.154736427909624	1.0266009454821676
8.161419281075279	1.026114562363139
8.174784987406591	1.0251356243884013
8.201516400069213	1.0231122108082513
8.204857826652042	1.0228497432301018
8.208199253234868	1.0225846075117508
8.214882106400523	1.0220457147299409
8.228247812731835	1.020929344591407
8.254979225394457	1.0185131504796974
8.258320651977286	1.0181917429617233
8.261662078560112	1.0178657146385275
8.268344931725768	1.0171994846989507
8.28171063805708	1.0158084722900274
8.308442050719702	1.012782227453978
8.31178347730253	1.012380608649657
8.315124903885357	1.0119737964686482
8.321807757051012	1.011144653302804
8.335173463382322	1.009425040132387
8.361904876044944	1.005751109385931
8.365185402434651	1.0052799568599937
8.36846592882436	1.0048046400640291
8.375026981603774	1.0038418840605268
8.388149087162603	1.0018706928667986
8.414393298280263	0.9977709961491065
8.466881720515584	0.9891804172056224
8.470162246905291	0.9886364494256006
8.473442773294998	0.9880925490279777
8.480003826074414	0.9870055460214356
8.493125931633244	0.9848388530424247
8.519370142750905	0.9805666099627021
8.571858564986224	0.9724943577985753
8.5749187524073	0.9720502221179644
8.577978939828377	0.9716094579421212
8.584099314670532	0.9707382720063015
8.596340064354841	0.9690387117025476
8.620821563723457	0.9658200583546055
8.623881751144534	0.9654352476920219
8.626941938565611	0.965054402012746
8.633062313407764	0.9643046597405
8.645303063092072	0.9628532087867727
8.66978456246069	0.9601423271693958
8.672844749881765	0.959821295317781
8.675904937302843	0.9595041716341847
8.682025312144997	0.9588815620251359
8.694266061829307	0.9576821947000912
8.718747561197922	0.9554600956815521
8.721807748619	0.9551982189459521
8.724867936040077	0.9549397466808398
8.73098831088223	0.9544328571563983
8.743229060566538	0.9534581688324684
8.767710559935155	0.9516560386962732
8.771028724714132	0.9514260299181827
8.77434688949311	0.9511992687515373
8.780983219051063	0.9507553034882463
8.794255878166972	0.9499043730711764
8.79757404294595	0.9497085662188415
8.800892207724926	0.9495129070150372
8.80752853728288	0.9491220308855154
8.82080119639879	0.948342043080349
8.824119361177768	0.9481592353898263
8.827437525956745	0.9479791251442133
8.8340738555147	0.9476269339684433
8.847346514630608	0.9469543738993249
8.873891832862427	0.9457364930578975
8.877209997641405	0.9455963907234513
8.880528162420381	0.9454590533936557
8.887164491978336	0.9451927914520569
8.900437151094245	0.9446949043155413
8.903755315873223	0.9445778871581555
8.9070734806522	0.9444639448465459
8.913709810210154	0.9442454924783024
8.926982469326063	0.9438479162642726
8.930300634105041	0.943757077965876
8.933618798884018	0.9436697956937286
8.940255128441972	0.943506184524959
8.94357329322095	0.9434300034978457
8.946891457999927	0.9433576740655376
8.953527787557881	0.9432248868179628
8.95684595233686	0.9431645917405723
8.960164117115836	0.9431084735370676
8.963482281894812	0.9430566174502429
8.96680044667379	0.9430091100852439
8.970118611452767	0.9429660393013557
8.973436776231743	0.9429274941012753
8.976754941010721	0.9428935645180032
8.980073105789698	0.9428643414995005
8.983170931600046	0.9428413881088697
8.986268757410393	0.9428226921196535
8.98936658322074	0.9428083291533227
8.992464409031086	0.9427983751736565
8.995562234841433	0.9427929063987482
8.99866006065178	0.942791999212107
9.001757886462126	0.9427957300729558
9.004855712272473	0.9428041754258244
9.00795353808282	0.9428174116095334
9.011051363893166	0.9428355147656733
9.014149189703513	0.9428585607466752
9.01724701551386	0.9428866250235772
9.020344841324206	0.942919782593585
9.023442667134553	0.9429581078875308
9.0265404929449	0.9430016746773292
9.029638318755246	0.9430505559835367
9.032736144565593	0.9431048239831095
9.03583397037594	0.9431645499174669
9.038931796186287	0.9432298040009603
9.042029621996633	0.9433006553298448
9.04512744780698	0.9433771717918599
9.048225273617327	0.9434594199765127
9.054420925238022	0.9436413708480401
9.05751875104837	0.9437411994271815
9.060616576858717	0.9438470113405732
9.06681222847941	0.9440768184906206
9.069910054289757	0.9442009257648944
9.073007880100104	0.9443312402860032
9.079203531720797	0.9446106930648827
9.082301357531144	0.9447599269068174
9.08539918334149	0.944915559014421
9.091594834962184	0.9452461837802066
9.09469266077253	0.9454212531805258
9.097790486582877	0.9456028741971197
9.10398613820357	0.9459858961518145
9.107083964013917	0.9461873528543108
9.110181789824264	0.9463954725864308
9.116377441444957	0.9468317816525776
9.128768744686345	0.9477850763755831
9.131866570496694	0.948040255232432
9.13496439630704	0.9483021800360345
9.141160047927734	0.9488462498200803
9.15355135116912	0.9500149647447305
9.178333957651894	0.9526694788356705
9.181370883269121	0.9530231672229111
9.184407808886348	0.9533829043125488
9.1904816601208	0.9541203087872031
9.202629362589708	0.9556651603826664
9.22692476752752	0.9590191646149382
9.229961693144745	0.9594616077668473
9.232998618761972	0.9599089028449189
9.239072469996426	0.9608176565059037
9.251220172465331	0.9626889429356339
9.275515577403144	0.9666218777302498
9.278552503020371	0.9671290501471869
9.281589428637599	0.9676392689526483
9.287663279872051	0.9686683370384641
9.299810982340958	0.9707573740459886
9.32410638727877	0.9750294207140137
9.372697197154395	0.9837094517578351
9.375992100129523	0.9842944248097002
9.379287003104649	0.984878045263371
9.385876809054903	0.9860406242268605
9.399056420955409	0.9883430442230505
9.425415644756423	0.9928265799451896
9.42871054773155	0.9933732362286942
9.432005450706676	0.993916456245136
9.43859525665693	0.9949921839457977
9.451774868557436	0.9970981808871409
9.47813409235845	1.0011108227908945
9.481428995333577	1.0015924884089256
9.484723898308705	1.0020695676279023
9.491313704258957	1.0030098239029839
9.504493316159465	1.0048339593678972
9.530852539960478	1.008253985340897
9.534147442935605	1.0086281377281492
9.537442345910732	1.0090020315983337
9.544032151860986	1.0097490448584796
9.557211763761492	1.011239980934059
9.583570987562506	1.01420955080737
9.586645551569003	1.0145231029065054
9.5897201155755	1.0148332316132591
9.595869243588492	1.0154434416253602
9.608167499614478	1.0166253007581818
9.632764011666447	1.0188486039132802
9.681957035770388	1.022849312674593
9.685031599776885	1.023084096991895
9.688106163783381	1.0233174373999225
9.694255291796374	1.0237799968739882
9.70655354782236	1.0246900155885703
9.731150059874329	1.0264592382728308
9.78034308397827	1.029842580593345
9.783775220102335	1.0300716760832795
9.787207356226398	1.0302998097360636
9.794071628474526	1.0307530770010807
9.807800172970783	1.0316465840284788
9.835257261963294	1.0333699823816118
9.838689398087357	1.0335781676119915
9.842121534211422	1.0337844847966908
9.848985806459549	1.0341911647163122
9.862714350955805	1.034978089292376
9.890171439948318	1.0364230908371095
9.893603576072383	1.036589466167963
9.897035712196447	1.0367522836143888
9.903899984444575	1.0370667601394257
9.90733212056864	1.0372181746853557
9.910764256692703	1.0373655425971169
9.917628528940831	1.037647643307725
9.921060665064896	1.0377821279254762
9.92449280118896	1.0379120698733786
9.931357073437088	1.0381578303990766
9.934789209561151	1.0382734023635847
9.938221345685214	1.0383839387627014
9.945085617933342	1.038589419908296
9.948517754057406	1.038684124897722
9.95194989018147	1.0387733151367444
9.955382026305534	1.0388568742071396
9.958814162429597	1.0389346873680037
9.962246298553662	1.0390066417168333
9.965678434677725	1.0390726263491679
9.969110570801789	1.0391325325165905
9.972542706925854	1.0391862537829024
9.975974843049919	1.0392336861782707
9.979406979173982	1.0392747283511696
9.982839115298045	1.039309281717923
9.98627125142211	1.0393372506096665
9.989703387546175	1.0393585424165537
9.993135523670238	1.03937306772902
9.996567659794302	1.0393807404759436
9.999999795918367	1.0393814780595205