2.179396992349675 -0.6869519651201881
2.3227926964072454 -0.6828741037566737
2.37932638454161 -0.6189729615710788
2.404013091623522 -0.5544595542813358
2.4205553000998483 -0.5046082850119891
2.445264267512763 -0.4382903068889663
2.4638612900433907 -0.35097915473879215
2.4988130837632223 -0.247456941269657
2.502495578520514 -0.31783520376755825
2.52065166099453 -0.13715254908544594
2.537730899956295 -0.043766008463230754
2.5555196869687675 0.1071412274697694
2.5643681685423116 0.049755874971480596
2.580100657478418 0.1630829233014346
2.6048040598085818 0.22894975871613732
2.6136358461338727 0.2993280212140388
2.645226594876249 0.4070608999608263
2.6622557480932576 0.49638715620816276
2.683217477656404 0.5618448637316562
2.703699106256207 0.6222222222222222
2.7238497186362123 0.6557651991614256
2.7836395233366433 0.7027253668763103
2.822451175107579 0.649056603773585
2.848287560315301 0.5997890649550794
2.852628324860813 0.5212902337074201
2.873029918224719 0.45361882745943793
2.888166943306505 0.3895565628780149
2.8927525714930464 0.3309080107964304
2.8974049806725946 0.2776731712146845
2.9074109994582757 0.22804747329949748
2.930444876963242 0.15857149621823585
2.939933343053111 0.0669895264292999
2.9547364631698576 -0.02414130065131581
2.9751380565337637 -0.09181270689929799
2.9782600679568816 -0.16151425533471953
2.9920225175992563 -0.22941123293686183
3.0120902059981223 -0.32415120168403666
3.023028376144538 -0.4058080318899353
3.0419991867332508 -0.48187069251266723
3.056931416769811 -0.5625350087602616
3.0720595377191957 -0.6273191016749966
3.0998181704794705 -0.701126048756129
3.1812642695518774 -0.8126485262528036
3.2591029460443552 -0.7530398322851155
3.3165024584921294 -0.6951709650063067
3.3525174480212785 -0.6161307625086636
3.4055463265404606 -0.522782891261447
3.448823987562762 -0.42678616782680945
3.473591388344559 -0.35573119126642827
3.5142777083346077 -0.2853529287685268
3.5487066492798194 -0.20577135502089994
3.58813748660132 -0.10805384439881371
3.6289629336601354 -0.02639701419291529
3.65384441863832 0.05390638788802371
3.6944917830491146 0.12112665142768564
3.729048720897591 0.21108450746667007
3.768446167722588 0.306095161838837
3.8151523172252038 0.40334863996093695
3.8583083414388124 0.4894846727708686
3.88300339614485 0.5546747941230914
3.9156331458367744 0.6175189733920508
3.9548619706544264 0.6988600037021253
3.997261223115128 0.7789829486997362
4.021896731435733 0.8393458430729362
4.0690107220027905 0.9143257611957004
4.1049789648368336 0.9895763649434566
4.149784839457133 1.0515723270440254
4.209574644157564 1.09853249475891
4.2492965905329365 1.118658280922432
4.30817610062893 1.0918238993710694
4.347153260509765 1.0515723270440254
4.350308959800221 0.9936366493183355
4.38538563389606 0.9509433962264152
4.389002980165535 0.9025058222377195
4.42150751549557 0.8260822474483318
4.4429620225159 0.7576890128670377
4.464380913006626 0.6864084649524966
4.485098046562495 0.6227973430793934
4.5041389771938665 0.5524190805814919
4.531595982469055 0.4541601987094219
4.549750395418246 0.37647342433673847
4.580931554070174 0.3218851566300327
4.586463246324326 0.2538528362153949
4.611138823240737 0.188346914967348
4.626220197495016 0.119773223302726
4.65372506248186 0.02539416872220701
4.68475151183332 -0.04173586627579118
4.718889955458947 -0.11482098502361193
4.757634061569017 -0.20189152772934893
4.796556250327108 -0.27452550376884965
4.8276483676550255 -0.33633205480867345
4.898564217146641 -0.39768746314017744
4.985293646780156 -0.46825907251307286
5.127881040636644 -0.529708224783968
5.302574047345886 -0.5708032242145606
5.477865047492516 -0.5634208889875081
5.613827607840259 -0.5163379954283058
5.69420966309074 -0.4558848725134419
5.766657023355335 -0.3930858075153145
5.823163760588951 -0.3313694850171547
5.872019622056963 -0.2442989423114179
5.92074192153896 -0.16805582460535784
5.964822942006909 -0.08071459627462896
6.020768718899259 0.03236432356574914
6.059473869430075 0.10353208580321027
6.100182449751127 0.1757149191343914
6.1440698053393525 0.24735638121558834
6.205541709403104 0.32423109871329614
6.233366434955313 0.3605870020964361
6.31264481959616 0.3874213836477989
6.410832505792783 0.34716981132075464
6.444277081306964 0.31015544621371594
6.488786825554451 0.2666666666666666
6.546593910219158 0.21203190715414189
6.61727992179317 0.13204430496902697
6.69612156213827 0.06762112622094785
6.822715862183555 0.0008356002002121166
6.997669921865466 -0.019096704912829887
7.173218939485082 0.009202246790871893
7.341132461204152 0.0641022130960529
7.509093943818199 0.12289020928748173
7.684888836912071 0.1711214661042253
7.854852484524821 0.17702323298851885
8.01903225731538 0.14443569135754641
8.145718451090728 0.08509968372042676
8.248449083656023 0.020521827472352427
8.343300354058211 -0.03722443919259244
8.446056427001796 -0.09973992877406168
8.564715518917204 -0.1642211115846388
8.715355985019801 -0.21841975604324992
8.890288796203935 -0.24007460604260422
9.065792281328319 -0.21546682195242894
9.21776267572917 -0.1618526123659596
9.337930898834783 -0.10399356002393478
9.450199288222882 -0.04096247877581405
9.562443827256336 0.020135133722364085
9.690619873185218 0.08157647399830958
9.850517517165791 0.13224116724174828
10.025914759801298 0.1482362269003621
10.200905245479392 0.1312568558781413
10.375674139680688 0.09631380247009225
10.550385359388024 0.056695270084910154
10.725142111590591 0.02076790531325412
10.900035461278858 -0.004085956617823072
11.075053266454093 -0.018850627071927972
11.250219811113753 -0.02155748332184726
11.42546224326547 -0.018112393549222894
11.600665213921319 -0.01786631570832098
11.775807474583523 -0.022541794685454475
11.950925451248269 -0.029185896389801735
12.126031285914287 -0.03681430945775599
12.301112836582849 -0.046411345252924674
12.47625206174537 -0.05133290207095942
12.651549132891365 -0.04345841116210347
12.826961553025283 -0.026232962298980755
13.002462002649985 -0.0018712560497071706
13.177947274776274 0.021260060995057506
13.353387014407332 0.040700210426296124
13.528753902046017 0.05423449167589256
13.703972050200276 0.05571095872130316
13.879017174872649 0.04316098883531372
14.053965163555194 0.02273652804046833
14.228907081238379 0.00181991156381911
14.403897566916473 -0.015159459458401692
14.531181532489548 -0.026036100026259446
