2.0428544733509124 0.2956211199468477
2.0991217324502207 0.25934846251271804
2.2145630463218646 0.28825031663309986
2.245914913938085 0.38243049643917626
2.2691953811609977 0.48063308823311335
2.3101100133178694 0.5885537505079474
2.346614621182235 0.896850279260013
2.358933502599802 0.7839220978759629
2.4078649585781617 1.0344870543778422
2.4697381807611647 1.1938625085646661
2.50441210057513 1.4039823100720468
2.537424994290223 1.5561323007287746
2.60075161430974 1.76623133940992
2.631272968876523 1.8314266137906694
2.660963810393871 1.8676369827460912
2.6900317671241414 1.8821086726325182
2.7182692108049746 1.8675954570936195
2.7739135851172056 1.8095841205904946
2.8567572617984753 1.7008284367668125
2.880011627182692 1.512405788675954
2.9339949753960504 1.3964246413221764
2.9597408799285763 1.2949567095072978
3.002252470034793 1.172896918499975
3.0315583094313654 1.064242142011799
3.0934534808878187 0.9615264829848638
3.220039686659291 0.8536707786949673
3.3795652264186202 0.9468264020098411
3.419640447171955 1.0311658920155065
3.503525231283053 1.13017342892143
3.6201534669470634 1.2404988535953798
3.8662435004938587 1.343326738664238
4.02175944189523 1.3594045221435538
4.124989129177406 1.3221206082914865
4.267836009266152 1.216048151960159
4.378197846005084 1.1076762541488576
4.472360229102956 0.9996577099789103
4.59961452330034 0.9151182917533016
4.8238345380716074 0.8203968072705479
5.1460795334889555 0.7524614330502661
5.265037476901355 0.7498079438573173
5.439008265723498 0.7928170451786389
5.636230775847494 0.8873112199346855
5.80088378452932 0.976558365787608
6.063086957682392 1.076020537401265
6.134584639661151 1.097003924174158
6.306293212632102 1.089633120860411
6.403033626880148 1.0601592924028815
6.741771543656807 1.0021125879083228
7.098385541954256 1.0022268427749812
7.455426661248557 1.017247620431807
7.59379606752071 1.0234827564728106
7.812029981521084 1.0169892122287112
8.167928552148803 0.9921350414218377
8.524553228471172 0.9926219593582504
8.88108180256925 0.9897549096668752
9.238122921863553 1.004775687323701
9.595420313755964 1.0287403786546276
9.918948254093488 1.0055797821485175
