0.9930533343175127 0.013126491646778149
1.0390254437691882 0.038186157517899666
1.0850631651753617 0.0739856801909311
1.1310790159300361 0.10620525059665864
1.186149316405449 0.12052505966587113
1.2592847750193419 0.09188544152744615
1.3507478395897066 0.06324582338902163
1.3874030515026505 0.06324582338902163
1.4516152843048005 0.0739856801909311
1.4792379171485046 0.09546539379474961
1.5343957002299153 0.12410501193317414
1.5621058156796168 0.15990453460620513
1.6080779251312924 0.1849642004773271
1.6904427986779191 0.16706443914081115
1.7361524603116019 0.1491646778042961
1.7816871567332901 0.10262529832935563
1.8272655944579772 0.06324582338902163
1.8729533854401605 0.04176610978520312
1.9462638092660483 0.04176610978520312
2.0014215923474588 0.07040572792362765
2.0474155724506335 0.09904534606205262
2.093387681902309 0.12410501193317414
2.1575124320984616 0.12052505966587113
2.1758573475692486 0.09940631498193975
2.20304712852015 0.0739856801909311
2.2294058724313635 0.0507198380913958
2.248538083638839 0.02028639618138417
2.2741043295666645 -0.0035641298378354946
2.340023018860703 -0.004773269689737347
2.3675266696228685 0.023321240233477702
2.3998339467510865 0.06995912709187824
2.4085806638702962 0.12230329657765981
2.421170787845062 0.16005255088187065
2.4365926841131933 0.2934917753990822
2.4384087994405435 0.20453960813456584
2.446215279665472 0.2593089477369843
2.4693969962741518 0.32952914491507945
2.4786636761279115 0.4210052448801678
2.481150862493534 0.37752776070770144
2.4891708653215483 0.5316193388878567
2.494941763397053 0.48921726951824285
2.49888684768265 0.4483515070098463
2.51475748365265 0.5714590001469702
2.5180607081593633 0.6257949494805137
2.520487513774222 0.7226334919659485
2.532887154581148 0.6823220048741487
2.5337449992370646 0.747009560830606
2.541436923767154 0.7943871988078954
2.5567039715094433 0.8574017438472301
2.5662501786335117 0.9180005144841581
2.5663654130542253 0.9368629487246665
2.571081420828621 1.065101896445772
2.5718898867531275 0.9828668041800248
2.581799096104809 1.1155063171424944
2.5835400345449706 1.0302362657342434
2.5957330661519284 1.2379926412029272
2.59666278437744 1.175605034957928
2.6073088656854035 1.2936275420519343
2.6160139570195673 1.3391580908480283
2.6175864091406185 1.4356207036999984
2.620115752533003 1.3668581691033206
2.6230927782978566 1.3943653776660792
2.637920252667286 1.491811127149043
2.6395215418347546 1.5393512894656192
2.646898583049213 1.5960006651916387
2.652440832522598 1.6371116160677848
2.6555337556599063 1.7142427555390412
2.656244760229493 1.6712298212984191
2.674391008262153 1.775490189072928
2.6811732056995288 1.8342539265145126
2.699817106676836 1.8890214797136036
2.7184946430572983 1.9463007159904535
2.76457610576647 1.9892601431980905
2.8100233195821613 1.9284009546539378
2.8101982847941565 1.9570405727923625
2.821318179634738 1.9009808545200766
2.862737914674475 1.8146062687671591
2.8685700857129492 1.7679290936380574
2.8701342959315705 1.737876276087443
2.892214181588684 1.6878675181306195
2.8954132045082734 1.6456064175773921
2.9141499493096283 1.5967920959989326
2.9143302860699896 1.5447546251356292
2.9282147531288265 1.4972735515444844
2.9367679078212 1.4542700902582568
2.947766108755696 1.3993254541037254
2.953670105996427 1.3490002431951469
2.9624575227372536 1.3018999636123383
2.9673067758940155 1.2583855937506632
2.9735454565106005 1.2132274829815308
2.984601964537819 1.1634255355637173
2.9912801604896098 1.1300657294344145
2.9930349341586164 1.0954439569548253
3.004371341900943 1.0521201034684806
3.0057629338119938 0.9990135444739363
3.027474718470668 0.9164032430649556
3.03055906792871 0.9614779986566244
3.0601798314319533 0.8758949880668256
3.087408792548669 0.8329355608591886
3.09639763031491 0.8042959427207639
3.1237140740376232 0.7756563245823387
3.151933293290615 0.7665462630824271
3.2261136266452897 0.7856860860617665
3.2774556449445678 0.821469233370967
3.3406023346582154 0.8583918082689037
3.426631295362401 0.8858660959703506
3.505542478416699 0.9130623852873863
3.554086188587773 0.9505921671828519
3.587557415303051 0.9854443856916237
3.656209276594616 1.0808164534458962
3.6921829517015468 1.1173248988725581
3.7341344559043272 1.1510051792696525
3.771784321390393 1.1808636635452487
3.805890134942599 1.210653840718294
3.854263884227233 1.2557319728085594
3.922632682054419 1.289164936407444
3.993688811310316 1.3138323050146181
4.084183146108897 1.3407409524626164
4.173365486544458 1.3479569392350035
4.2603980740393 1.3333942542673052
4.302803699110758 1.2928593886213253
4.331450141823735 1.2613650979663584
4.380188983273737 1.2143541080130906
4.408283865035446 1.1784045274605919
4.463045764587453 1.1302669124757643
4.529632279972801 1.0436192055030749
4.595111151975754 1.0045397045436346
4.644014231153521 0.9701076537684941
4.704660740647411 0.9410953521982064
4.761604776397568 0.9068327828942637
4.819324520168819 0.8708014053233948
4.873073472218169 0.8324149209562157
4.939076474951554 0.8037041611741853
5.026655501745155 0.7773533283472833
5.105789282934244 0.7704842964166194
5.192254393088411 0.7620653680705414
5.2787624038045955 0.760668725469434
5.365336113783268 0.7700262308968524
5.432280391516165 0.7848539198452735
5.54326424941291 0.8257756563245824
5.623636451845802 0.8720626749358751
5.702727526241926 0.9085384942188164
5.774031598080184 0.9494532057936762
5.838620882942911 0.9953179006800579
5.8987354498434055 1.0310833917153497
5.961922449544111 1.074604207619799
6.050124466127653 1.1128166612564165
6.131694128003455 1.1443914081145583
6.23249596076405 1.1443914081145583
6.3057189019839415 1.130071599045346
6.377358963896146 1.120127287191726
6.460615941886258 1.1015472851216637
6.546991530192856 1.078474749351373
6.633381794178867 1.0578044388549868
6.719776295909515 1.037827794183817
6.808805603517502 1.0199942199927907
6.892636629998655 1.0095504369867339
6.979088729301661 0.9990017949409427
7.065580865743353 0.9950067320338714
7.1520691951220305 0.990388500499543
7.238606159019692 0.9937311317915265
7.32516872003261 1.001263690886831
7.411724398265647 1.007669624950576
7.498239714317266 1.0074687744431787
7.584727673959833 1.0027900217294698
7.6712624803863525 1.0057795019637443
7.757773221461497 1.0048297849949916
7.844291300376349 1.0050811806631907
7.9308197887847385 1.007036480304741
8.017304510189074 1.0018276684705163
8.10382393803127 1.0022998666832716
8.187674610636968 0.9950719086885893
8.276699955432298 0.9765896716006042
8.363187488456278 0.9718410867568399
8.449689526512236 0.9694667943349577
8.536214601971924 0.9708634369360647
8.622815615540203 0.9846901986870258
8.709324272278819 0.98339930188286
8.801256800219285 0.9786339880233237
8.880535035262582 0.9712022520855925
8.968844611129315 0.9786048273536303
9.055417965592497 0.9879041393393357
9.141983891474878 0.9959874855048707
9.22852149462325 0.9994347541472859
9.315085160781459 1.0071482117128294
9.401637539830753 1.0130141106374795
9.488177433176052 1.0168362558891761
9.574755059919662 1.026834886777293
9.661292003502151 1.0301741927297496
9.747790116667105 1.0271574447113583
9.83429437313972 1.0251462793657642
9.920780313454305 1.0201369879031261
10.007332436532446 1.025960987549743
10.093812546393004 1.0199973236430153
10.180299916895619 1.0152221360830396
10.26680456341951 1.013274817256353
10.349375254308393 1.0111007102739626
10.483647587257064 1.0047732696897376
10.556979881734451 1.0083532219570406
10.636374860235678 0.998330741424506
10.70351324678023 0.9940334128878281
10.809343384798629 0.9877628124094617
10.895870849322408 0.9895505149388788
10.982405481038459 0.9925113972532262
11.049215373916265 0.9853419652342092
11.186958001702303 1.0021482312008656
11.27346422062042 1.000458293653526
11.356826766802092 0.9991584849394288
11.446532517050388 1.0062217721207618
11.53298668850082 0.9960123147066682
11.619505957884684 0.996458575271117
11.706033308643505 0.9982276558991863
11.79258745511266 1.0043828593626372
11.879151779482408 1.0122040579288374
11.96567600170492 1.0134610362698337
12.052160292427635 1.0081817272376485
12.13861807591544 0.9985635151913574
12.225116587257743 0.9956119438276843
12.3116551438648 0.9992152817385407
12.398217591112758 1.0067292189324974
12.484762660763584 1.011398660695532
12.57422587265659 1.010947079587841
12.657750326280498 1.0039638665823052
12.744259958147316 1.002832586075408
12.830781705982021 1.0036845380620834
12.917299443602005 1.0038800680262383
12.988085706128498 1.0038800680262383
