1.0283597564596207 0.007595756678236754
1.0867196629950298 0.04359228292007922
1.1265615222643954 0.08252193343301473
1.2025042211534214 0.10433303615219325
1.2561878531266983 0.08434695154266736
1.2876124181842263 0.051844538720249744
1.3661738308280462 0.023816166949255813
1.4368791022074843 0.0434824156091298
1.4722317378972032 0.06842229519455723
1.4947288696997516 0.11582504590037912
1.5255412679055096 0.1536793284909952
1.550793150541023 0.19743398507644194
1.5782896449663602 0.23823321099736017
1.6411387750814161 0.26306721844678194
1.702678548319075 0.22787638581856617
1.7275563289896179 0.17680680436173057
1.755052823414955 0.12264181314789768
1.7838586747176888 0.08226557637413334
1.8131009783128884 0.05120364607304717
1.8388516635683627 0.008691100475274105
1.89253529554164 -0.018552663327629393
1.9514563550245048 -0.003870395409896865
1.9727801670278273 0.03283261093447187
2.0218045290737434 0.08785182973902339
2.0889388271511895 0.14099464804506345
2.1596440985306273 0.13766311605042736
2.1921909694830672 0.08209554363099825
2.218565158013493 0.036505841363867475
2.2562746360825265 -0.008300245387361294
2.303471915524698 -0.04773280647338973
2.3639037714045594 -0.022481917884660696
2.386162838320308 0.03802567249866229
2.3998175600417344 0.14368140319463452
2.414183075496604 0.19608811051731667
2.418896760255233 0.22069838816989673
2.4323644309941743 0.254152984353873
2.441342878153467 0.32001843726780965
2.4503213253127614 0.3642583411432807
2.4503213253127614 0.43911460233654553
2.458177466577143 0.41048806409482896
2.4677794170113883 0.47158649646147754
2.4691760643472778 0.5258658310618907
2.4827279080283366 0.5760092717790226
2.487856222464808 0.6342877764979797
2.500949791238779 0.691369948275492
2.5070601233332983 0.7491357388766873
2.508456770669188 0.8064229963013041
2.5210265966921996 0.8839453709069316
2.5223359535695966 0.8477477541929284
2.5249546673243906 0.9190150165618582
2.5288827379565815 0.9651592871604462
2.5367388792209633 1.005150988345889
2.54245243650415 1.0409477558405509
2.544595020485345 1.0919022170712338
2.553105840188426 1.1435090293328116
2.560307303014109 1.213107834510191
2.560307303014109 1.2469469662824888
2.5642353736462997 1.1881899283869537
2.5681634442784915 1.2817968773155175
2.569734672531368 1.321187970534439
2.5734008717880794 1.3589237296017285
2.5775908137957497 1.379227208665107
2.583090112680817 1.4238333369104086
2.591731868071637 1.4963311131619677
2.599588009336019 1.553960179998426
2.6074441506004007 1.603836276925582
2.6105866071061534 1.6556826609624238
2.6113722212325925 1.7573025991028695
2.6172643271808784 1.6838563017334507
2.621585204876289 1.720848625329985
2.6231564331291652 1.8011396561715278
2.627084503761356 1.8465148555934725
2.6420111721636816 1.8794311019537984
2.64279678629012 1.9188075461979266
2.6575270511608364 1.961939621354662
2.6624371394510753 2.00801980268853
2.679458778857236 2.0421152915197083
2.686005563244221 2.0915409324719736
2.7139588100686503 2.139784946236559
2.7322654462242566 2.154121863799283
2.7597254004576657 2.132616487455197
2.7688787185354693 2.118279569892473
2.778032036613272 2.093189964157706
2.7842073290489964 2.0733908527031955
2.793372827190775 2.033655508576634
2.795991540945569 1.9961761065682255
2.811703823474333 1.9073569309012401
2.8169412509839207 1.9529600032644123
2.8234880353709055 1.8372860014737549
2.8274161060030973 1.8008832991126469
2.835272247267479 1.7656085678106153
2.849675172918846 1.7184828159008827
2.8521068356911545 1.6797118626148737
2.8627687416928156 1.645402742901294
2.8719342398345953 1.603830173186085
2.8762987627592516 1.557856807293418
2.8913875420130646 1.4461583744952489
2.892883949872947 1.4894949249251397
2.9069595363049645 1.400838108728779
2.9138336599112984 1.366922069838817
2.914955965806211 1.3281608825360032
2.9288317477796646 1.2861471789207715
2.933474013072254 1.2236953810419782
2.9496227478934838 1.1761777690565276
2.9531143662332084 1.1331244321393057
2.954236672128121 1.100735548871535
2.9570424368653994 1.0628313265941236
2.966207935007179 0.981822495987714
2.968826648761973 1.01622561328955
2.976682790026355 0.9427024088024669
2.9890281548703834 0.8938334288923433
3.005488641329089 0.8085251241841289
3.0069850491889705 0.8491394067982827
3.0264383513674407 0.7554592129957529
3.0444420084316492 0.697522517688637
3.0675895675142035 0.6568716126375003
3.1102371915208487 0.6157213107184132
3.180942462900287 0.6212746038900181
3.228079310486579 0.6562490312087892
3.267360016808489 0.6935233475700928
3.31056879376259 0.7300798641665296
3.3577056413488817 0.7626372106444219
3.4087705595673645 0.7961833629208557
3.467255166757764 0.8335626636015105
3.5064111724246834 0.8744088883165568
3.536825662176791 0.9134007969723634
3.5776775967515775 0.9569558612762525
3.6130302324412957 0.9986138833444222
3.632670585602251 1.032222293763727
3.675879362556352 1.0789818213036293
3.7252608219324674 1.16621646619715
3.758368845832363 1.202289566625411
3.8004553168915525 1.2378499529359102
3.849696488030804 1.2685578663461607
3.9037074592234298 1.3035506048834231
3.9626285187062944 1.340658289156454
4.025477648821351 1.376035563282038
4.10011099083298 1.4101019206292529
4.186528544741181 1.4128985430897736
4.253305745488428 1.3796886513710929
4.295392216547618 1.3402462867403953
4.3318671581322485 1.2887075311742107
4.371147864454159 1.2426401676932872
4.404536464827782 1.1981878536833144
4.440871118175548 1.1603110982336402
4.485061912787697 1.1150182992949074
4.531076454479078 1.0690937633182176
4.579335607960281 1.0303765229397834
4.618616314282191 0.9793101968106797
4.665753161868483 0.946262109677215
4.720746150719157 0.9124229779049173
4.775739139569831 0.8790233153764155
4.826804057788314 0.8490295394873335
4.8817970466389875 0.8153826755091966
4.956430388650617 0.7867347741792401
5.042847942558819 0.7699816739157415
5.129265496467021 0.7611456786654776
5.2156830503752225 0.757230407220749
5.3021006042834244 0.7584888873279834
5.388518158191626 0.768137234816779
5.474935712099828 0.7874339297943702
5.56135326600803 0.8195950880903555
5.63991467865185 0.8537294189001527
5.706691879399097 0.8888289728786154
5.7656129388819615 0.924288647487411
5.816677857100445 0.9577249324528958
5.859886634054546 0.991922964107627
5.907023481640838 1.0253665735605082
5.950232258594939 1.0539870080627276
6.015263650172323 1.116751761312103
6.095570871986006 1.1462405914791467
6.1819884258942075 1.1570075879521504
6.268405979802409 1.148198227201511
6.3469673924462295 1.1305950424916793
6.488377935205105 1.0767445233352129
6.574795489113307 1.0550706992661794
6.661213043021509 1.035494342042536
6.747630596929711 1.0177357894182308
6.834048150837913 1.0033331837465507
6.920465704746115 0.9908882137972344
6.999027117389935 0.9870350895182951
7.234711355321394 1.006549299576149
7.321128909229596 1.0094857531596957
7.407546463137798 1.0159179848188926
7.493964017046 1.0196934251405954
7.580381570954202 1.018155282787309
7.666799124862404 1.018295113910335
7.753216678770606 1.018295113910335
7.80820966762128 1.0200196977609892
7.957476351644538 1.0160578159419187
8.043893905552741 1.0147993358346845
8.130311459460941 1.0069687929452271
8.189232518943806 1.0009210968743516
8.251716247139589 0.989247311827957
8.34324942791762 0.9820788530465949
8.434782608695652 0.9820788530465949
8.56239922900195 0.9847356443840893
8.65318130583481 0.9737045224564809
8.735234336818355 0.9687948963591226
8.821651890726557 0.9636211448071599
8.908069444634759 0.9636211448071599
8.99448699854296 0.9675364162518885
9.080904552451162 0.9739686479110856
9.167322106359364 0.9816593596775169
9.253739660267566 0.9893500714439483
9.32130247514125 0.9977679050501149
9.42657476808397 1.0162597942307339
9.56979405034325 1.021505376344086
9.717251994866103 1.0208120741248035
9.764388842452396 1.0205324118787513
9.862700228832953 1.028673835125448
9.97650465659071 1.0308799149826773
10.023641504177002 1.029761265998469
10.164759725400458 1.010752688172043
10.265446224256294 1.010752688172043
10.353599437281046 1.011303557759034
10.475972540045767 1.010752688172043
10.596017510581976 1.0104246192714417
10.675701229120707 1.0070736662874966
10.730694217971381 1.005150988345889
11.131357422454863 1.00053656128603
11.217774976363065 1.0038925082386545
11.292408318374694 1.0082272730524613
12.25740433701628 0.9946403489317659
12.359272302077768 0.9991522331680724
12.443333013606656 1.000396730163004
