1.0391602808023561 -0.009233321236392644
1.0939644068068288 0.023017711093906712
1.1291238236726402 0.0564842912312673
1.1682051595864142 0.090953134753053
1.230833537146152 0.12868204039586528
1.3172160928864767 0.13293879601986802
1.4037956963195557 0.10225242746213992
1.4902870223862807 0.08722057853782683
1.5765860299048777 0.1062932188148844
1.6628235585433357 0.13626811383664217
1.7492250308621649 0.13717032953919928
1.82402246307855 0.10638793307253458
1.8988717188381294 0.0664154949460749
1.985332305464785 0.05683477339411258
2.0676602502408468 0.08361996545766948
2.149975111050109 0.11272538096689289
2.2325265079097543 0.09988507020836623
2.3151806848459398 0.06881842587664755
2.38581558307674 0.07970281496387166
2.4130830428000563 0.11969797925756165
2.424686235597421 0.15153284686076463
2.443107593840388 0.1931358809177901
2.4575248838522823 0.24830444006175512
2.4710313800187294 0.2908647974927443
2.4803885356373305 0.33405845745057006
2.4975428071544865 0.38754204717766916
2.501677866123445 0.4281351913747544
2.513178462755449 0.4781637789685784
2.5169031370629646 0.5141441096589165
2.5184531580025453 0.548824503583643
2.5345766511447154 0.6303240715362666
2.5347924402624695 0.5920574679879167
2.549172159847612 0.7119292862444571
2.551392788821105 0.6663823688899833
2.554522694372811 0.8078350256104603
2.557728463286228 0.7617122692151947
2.5717800437274656 0.8430394788211601
2.573670064987346 0.8948141760818802
2.586508132686304 0.9398276415436924
2.592813317305102 0.9825236378486988
2.6002141133686383 1.0630942850277534
2.605109250971113 1.0308103063232257
2.611810370087219 1.0961591506021526
2.6151266827562702 1.2045556118467113
2.616510182756768 1.1582118711556337
2.630662415472237 1.235509308440943
2.6380330829435517 1.3214227593073846
2.638229605175792 1.2865728167901376
2.6513404455266683 1.3495469073330078
2.6533271366643563 1.39523419771051
2.6649797490230647 1.418305329768934
2.6686547870167754 1.4630878334406503
2.677714389672224 1.5280924748098745
2.6899808450034 1.5816066346619886
2.691371528799781 1.6135877379262404
2.7068546990437063 1.653862512895949
2.7144513309566864 1.6997049361069896
2.7277066729489157 1.7370540689165899
2.745311101484038 1.7991528923746933
2.793634552194546 1.840934009378755
2.8064743112195334 1.864541811775489
2.8539488804696562 1.803589092764231
2.87035318846819 1.7579031327193
2.875993844443558 1.708389897614139
2.8975563793662564 1.6655752998667346
2.9049468814081045 1.628573264587018
2.9192432187294655 1.6007173813355222
2.933230428506201 1.5580311918752425
2.9448106455425913 1.5242915036357245
2.9513747771026937 1.4746349596011707
2.9641553692738034 1.4369755198383105
2.9820154831417547 1.3807672713848105
2.993033733294923 1.3306015035661287
3.003423545809847 1.2990134447663573
3.007535340014547 1.2663445136892653
3.0234848531805287 1.2239211438142785
3.0361020759245427 1.175433163910255
3.0475247242425834 1.1397861228151824
3.0645499076267972 1.1056074936374785
3.079404676357888 1.0583218774860006
3.103199761639491 1.017595534887064
3.12565098165651 0.9830182187998362
3.1821597935240247 0.9451347051584511
3.2685565366982283 0.9468755558413695
3.354835051256779 0.9695822810333272
3.441154551735422 0.9850208363954847
3.5195624559848593 1.0104706406240842
3.5861473673039193 1.0430634675033967
3.6456606572984462 1.0760098417318869
3.683926136945141 1.1158593483710932
3.730863077517064 1.1502461149605903
3.801399508200829 1.1785920823889138
3.8877071858179066 1.1961272252019748
3.9740503320196803 1.2073726056623242
4.060334363913628 1.2291009233771935
4.1466412533399355 1.2467758386869816
4.233118391972782 1.2342598947037533
4.300092406802468 1.1978516990322068
4.347419584378411 1.1630364369088844
4.39476554716773 1.1248899302802369
4.44604587678926 1.0855382799627051
4.505158298587581 1.0502740994069129
4.568187747021151 1.0168797700902286
4.635148844279867 0.9827622903372621
4.702110423210721 0.948559394058518
4.761229966875652 0.9120322691573002
4.816427529563346 0.8745138629964007
4.875554659564448 0.836641427814186
4.950368840834717 0.802888865792075
5.036849920421418 0.7896740593252121
5.123238781687912 0.7928126349753999
5.209591386178938 0.802380745475026
5.295955025340758 0.8099920410204753
5.382308418022556 0.819420379023375
5.468619248402718 0.8363964318495285
5.55485992980426 0.8658122368843784
5.637142395972833 0.9006623020090789
5.7076586911973655 0.9325789575412868
5.766400311462429 0.963070248883189
5.8211879023505135 0.9982535085198236
5.879896700099898 1.0345653259754255
5.938620670521625 1.068186522869034
6.009124222390369 1.1023630001608236
6.0954295354351355 1.1203174604640656
6.181790810024642 1.1283480734996958
6.268213563494289 1.1254764317906256
6.354676514693257 1.1154763927484823
6.441182816384632 1.097788866386358
6.527704093700655 1.077445662586422
6.6142332529243895 1.0557047338192165
6.700741919188077 1.0375978899669116
6.787226939728634 1.023684221016414
6.873694620072229 1.0128455469939093
6.960141019265006 1.0057807303830313
7.046598453128577 0.9967590988179764
7.133007807355117 0.9962635895532639
7.219400609575464 0.9987033027198169
7.305824939426653 0.9955521160172931
7.392246904705529 0.9928202468049498
7.478653106168984 0.9928838275271452
7.565046696580103 0.9951837681969715
7.651398512880359 1.0048916511933248
7.73777082214066 1.0109654492747777
7.824150225117901 1.0157812948856886
7.910586377830655 1.0105335207322608
7.997030412451118 1.0038880216115635
8.083478388025439 0.9965436600072319
8.169902717876628 0.9933924733047079
8.256332565063214 0.9892628791250955
8.342783693400616 0.981359427533856
8.429208023251805 0.978208240831332
8.515608707379863 0.9792502290306158
8.602002297790982 0.9815501697004421
8.68838642991285 0.9855273803309912
8.774780808514738 0.9876875485040906
8.86115232958427 0.9939011190822704
8.947558531047726 0.9939646998044658
9.033952909649614 0.9961248679775652
9.120318913383748 1.0033168460328337
9.20671408017641 1.0053372417092061
9.293112399732154 1.0067985473986707
9.37950362557096 1.0095178055586775
9.465883816738973 1.0141938786728615
9.552232480276142 1.0244608516561224
9.638594543056422 1.0323516921950258
9.724997591756793 1.0329743629041288
9.811406945983332 1.0324788536394165
9.897836793169919 1.028349259459804
9.984258758448794 1.0256173902474608
10.070683876490753 1.0223264310482096
10.157127911111218 1.0156809319275126
10.243564852014742 1.010293385277358
10.329971053478197 1.0103569659995533
10.416377254941652 1.0104205467217486
10.502783456405108 1.010484127443944
10.589201480730129 1.0084511207152353
10.675636845252113 1.0033431190585342
10.762057234149447 1.0008907948396448
10.848468952948297 0.9999759680847518
10.934876730793295 0.9997600038134935
11.021306577979882 0.995630409633881
11.107711203061793 0.99597353534953
11.194115039952937 0.9964564335619062
11.280492866548636 1.0015518241662709
11.366862023045853 1.0081847122346317
11.453253248884659 1.0109039703946388
11.539657873966572 1.011247096110288
11.626083780199302 1.00781636441431
11.712493134425843 1.0073208551495978
11.79888593664619 1.0097605683161506
11.885282679820392 1.0115014189990692
11.971688881283848 1.0115649997212646
12.058104541036556 1.0099513104827367
12.144501284210758 1.0116921611656553
12.230907485674214 1.0117557418878507
12.317312110756129 1.0120988676034997
12.403704124785705 1.0146783532667798
12.490121360919956 1.012785119034798
12.576532291528036 1.012010064776632
12.66293849299149 1.0120736454988273
12.749358881888824 1.0096213212799379
12.835768236115365 1.0091258120152256
12.922172861197277 1.0094689377308748
12.985008375291638 1.0104656312338507
