1.1152960079862142 -0.5159681545698511
1.18841282924991 -0.5394328315765715
1.2468060608531282 -0.5746214949693407
1.3198512925398687 -0.6098125446813418
1.4075723875024475 -0.6410971898108144
1.5246452090167066 -0.6645690257752306
1.6710697570826447 -0.6802280525745901
1.8030093474112903 -0.6685231567423959
1.8617843900916045 -0.6411711657070016
1.935187569663121 -0.6177303518926001
2.023195022933522 -0.60210950620095
2.111035433857693 -0.6138501968216219
2.184152255121388 -0.6373148738283423
2.257269076385084 -0.6607795508350629
2.286549213359807 -0.6646931143752863
2.301248939827966 -0.6568779188909981
2.3306483927642816 -0.6412475279224206
2.3747714353610743 -0.6138931505677949
2.389638204175462 -0.5787164187711848
2.4193717418042358 -0.5083629551779645
2.4491530058176467 -0.43019190978122435
2.4787433642925114 -0.3832911915985655
2.4938249018377636 -0.31293534168611337
2.52367775542813 -0.22303792358409247
2.553649924980088 -0.11359655097327015
2.583598231339729 -0.00806396926420816
2.5987036320773003 0.06620067155000386
2.613880622391828 0.15219168506949687
2.629009886321718 0.230365116785469
2.6588150135274464 0.3124449530839698
2.6886201407331765 0.3945247893824705
2.718186636015721 0.4375167166633691
2.7331249944070644 0.48441982116525983
2.7480394896060876 0.5274141347653902
2.762858532035838 0.5547732847584799
2.806886121863357 0.566492498506065
2.8360708060688076 0.5469437713588003
2.8651839006973017 0.5156686715062548
2.8796927216269133 0.49221353977646176
2.8941060897872495 0.4531232444396278
2.9084955947552675 0.41012415820103365
2.937155288729712 0.30458203121504424
2.9659342986657498 0.21858385873785613
2.9946655822171495 0.12476810445714737
3.0233730025762293 0.027043559274678497
3.052152012512268 -0.05895461320250983
3.0811219279868505 -0.11368245846561664
3.0953921169932785 -0.17622549921301167
3.138918579782109 -0.24659089440239113
3.1679362216413303 -0.2935011578619775
3.2264010428215038 -0.3169634485494659
3.270452495841341 -0.30133544390012057
3.2998758119699767 -0.28179626202978314
3.329322991290929 -0.2583482892576856
3.388312802702109 -0.19581718010644944
3.4621216565430393 -0.10592692096212408
3.5506541000444454 -0.004312675431749735
3.6096916378402613 0.06603601552300664
3.6539339963986466 0.11293434738643371
3.6982718077263055 0.17546784285690165
3.7131624397330105 0.21455336555527205
3.7573332087144404 0.24972532471341813
3.8458656522158474 0.3513395702437925
3.890155737158868 0.40605548391073987
3.9343503693326154 0.4451362339706466
4.007920591250362 0.49593858409737
4.081395360398834 0.5311057706170526
4.125422950226353 0.5428249843646377
4.169402813669235 0.5467266163087025
4.257219361401088 0.5310771347862704
4.315588729811988 0.491979680491741
4.373862645453614 0.43724706259017065
4.417532287396357 0.3903344128113527
4.461178066146781 0.33951297213077436
4.490195708006001 0.2926027086711881
4.519141760288267 0.2339660725063215
4.562739812654054 0.17532705002222282
4.606361728212159 0.12059681843988423
4.649864327808673 0.046322632348744675
4.707851885142478 -0.05531547637394807
4.765815579283965 -0.16086237599840114
4.85315486316945 -0.254687675556037
4.940565736631888 -0.33678660240839253
4.9988635154658345 -0.3876104294082028
5.0718132943833005 -0.4384366427272448
5.15953438934588 -0.4697212878567174
5.218070800103009 -0.4814572058389255
5.276654937244776 -0.48537554201761335
5.335286800771179 -0.48147629639278033
5.393966390682218 -0.4697594689644269
5.482069296721893 -0.43850345966573645
5.555520202678046 -0.407245064047814
5.629090424595793 -0.35644271392109017
5.702708372898174 -0.29782278199084655
5.747070047418152 -0.23138049561861873
5.806131448406287 -0.1571230137621018
5.8800118918241715 -0.055506381912495684
5.953963924819012 0.05783662264239142
6.013025325807147 0.13209410449890768
6.1014145901546435 0.21025560461872095
6.189684538540547 0.268873150229733
6.248364128451588 0.28058997765808635
6.321576402484556 0.2727604642584067
6.423973360722975 0.24538222371146223
6.482366592326194 0.21019356031869307
6.540712097544777 0.16718731512240348
6.642942013436967 0.11244753826313758
6.730567655630271 0.06552772952662389
6.7889608872334914 0.03033906613385473
6.920590256061997 -0.008770319756834066
7.081714530596093 -0.01661415107190467
7.2429819842841 -0.0010052369764144142
7.345665300830339 0.01852201329776393
7.448324754184263 0.03414047267018194
7.580335934089863 0.057571741207656624
7.712299387610827 0.07318542794161087
7.85879552525372 0.06925277384753215
8.005172346935021 0.045776165244652445
8.107593168365758 0.022306715599468285
8.195314263328338 -0.008977929530004314
8.268431084592033 -0.03244260653672493
8.356152179554613 -0.06372725166619775
8.443944864094147 -0.0832855240903898
8.560993822416089 -0.11066615095656585
8.648786506955624 -0.1302244233807579
8.780582918130358 -0.1419722729591253
8.868494918631486 -0.14198659087451637
8.98578250887661 -0.13027930872309046
9.088489688615171 -0.10684326754715223
9.191268457930684 -0.07168085366593324
9.323398953797877 -0.028705630619657585
9.440829723196911 0.006454396942329632
9.587612219147626 0.049427233669373516
9.690319398886185 0.07286327484531196
9.822330578791787 0.09629454338278642
9.939546579459956 0.09627545282893157
10.042062853659969 0.08844116679078828
10.159183401558861 0.07278691262989301
10.334864223407205 0.04930553138854954
10.510497318870913 0.018006568343685636
10.656874140552214 -0.0054700402591940644
10.891210689119278 -0.021143384973944412
11.140270827346821 -0.025092743302645992
11.40405455523484 -0.017318115245298804
11.579902419429413 -0.01343796017432064
11.814358283958068 -0.00956735038026979
11.990182284960323 -0.009595986211051954
12.07809428546145 -0.009610304126443037
12.195334149321937 -0.005720603778537781
12.312550149990107 -0.005739694332392409
12.488350287800042 -0.00967712106493468
12.722782289136381 -0.009715302172644158
12.85469801627271 -0.0019191972422105685
12.971937880133197 0.0019705031056949096
13.089201607186004 0.009768994355360716
13.265049471380575 0.013649149426338658
13.514157335992753 0.017517372901157513
13.719285337162049 0.017483964431911803
13.880409611696145 0.009640133116840977
14.041510023037926 -0.002112489099989956
14.275918161181945 -0.006059461109459541
