1.0499190996301273 -0.49852205427933427
1.140254222812974 -0.5463132102074217
1.1854776848519117 -0.5761789559659745
1.2531172263440187 -0.6000819873230205
1.3432287477368092 -0.6239924720730676
1.4556445476877409 -0.629999906832587
1.5230604873897917 -0.6300222670115927
1.590532327539357 -0.6360147949851087
1.6580041676889214 -0.6420073229586243
1.7254201073909723 -0.64202968313763
1.7927242461979942 -0.630111707727615
1.8599724845575016 -0.6122235645230911
1.9272766233645244 -0.6003055891130771
1.972164682718378 -0.5943503281045706
2.0396365228679416 -0.6003428560780866
2.0847481840118522 -0.61826826624762
2.129748044260733 -0.6242533408281337
2.1748038049571283 -0.6362085832031577
2.2421638442116647 -0.630260775587653
2.286772401327948 -0.5944546756065971
2.331157356654172 -0.5347679044475013
2.375318710190343 -0.451200462110366
2.3973434865109127 -0.40344657314728827
2.4183061543287145 -0.24225949608852115
2.419032860146398 -0.3198716774171506
2.4400514284117154 -0.1646547681528936
2.4617408020472 -0.08107987242275638
2.4832065738926286 0.02637569448542121
2.526864823401171 0.16367464697314626
2.548274694799086 0.27710038167583373
2.569684566197001 0.39052611637852075
2.6134546166005705 0.5158847332772263
2.635032189341029 0.6113999645963835
2.657112866109113 0.6531836857649514
2.6793612442197396 0.6770569035499894
2.724528805811164 0.6531613255859458
2.7473361883969316 0.6173328654258841
2.7700876705351867 0.5874745730603325
2.7931186549110114 0.5277654417222308
2.81592603749678 0.49193698156216925
2.839180623662661 0.408347179046028
2.8401309312704015 0.30685432653935885
2.8859133977844795 0.21728690283570562
2.886975506287248 0.1038537147400167
2.910230092453131 0.02026391222387547
2.9333728777239845 -0.051385554703245795
2.933764180856583 -0.09317672926481557
2.9800497513982886 -0.23647566311905832
3.003807441591797 -0.3737969757857893
3.027006127310165 -0.45141661050742066
3.0500930121335035 -0.517095909640032
3.073123996509329 -0.5768050409781327
3.118459259443295 -0.6186111223257065
3.1410430402390066 -0.6305589113077281
3.185875199145345 -0.6186334825047122
3.230371955366599 -0.5708870469346365
3.274868711587853 -0.5231406113645605
3.2968375874609093 -0.4694165546069726
3.341166642339622 -0.4037596156533674
3.3630796177651634 -0.34406539110126944
3.407632274433932 -0.3022891233257037
3.4738743047381853 -0.17693795982000027
3.5398927332523824 -0.0277061251362567
3.62860674345732 0.09763758497644459
3.6724326943084042 0.2170260340806398
3.7388983264027145 0.3184965264083033
3.805308058049511 0.42593718653047685
3.8938543669119055 0.5691914000267084
3.9376803177629895 0.6885798491309039
3.982009372641701 0.7542367880845096
4.0489222083161245 0.8079459380560934
4.093586665879921 0.8377818702426394
4.138418824786259 0.8497072990456556
4.205946565383338 0.8377446032776299
4.228642147074079 0.8138564787065882
4.274089210903073 0.760110061769995
4.319648075627096 0.6944233092443817
4.365151039903605 0.6347067245132783
4.388349725621973 0.5570870897916471
4.4112130086552535 0.5152884618370754
4.4341880925835655 0.461549498293484
4.457274977406904 0.3958701991608724
4.502945643025956 0.31824311104623937
4.525976627401779 0.2585339797081381
4.549063512225119 0.19285468057552668
4.59501368008174 0.08537675348834362
4.640963847938361 -0.02210117359883923
4.70944189614318 -0.1355567218735343
4.777752243005457 -0.23110176676469907
4.868758171558474 -0.3505349362269057
4.95920509563635 -0.4102664277440127
5.027068238918514 -0.4580501302790978
5.117291561206332 -0.4939009506181651
5.229819162052292 -0.5118487209667046
5.319651181207514 -0.5059083667442024
5.386843519119506 -0.4820500557451681
5.476451936484671 -0.4522290303446259
5.543420672606607 -0.40449004816755196
5.632861388629229 -0.3567585193834797
5.677302244402969 -0.30304191601889396
5.721631299281682 -0.23738497706528827
5.7882646327185325 -0.1538249881211542
5.854897966155387 -0.07026499917702056
5.921475399144723 0.019265157561622948
5.965636752680894 0.1028325998987587
6.054686165570916 0.1923553032444003
6.121599001245339 0.24606445321598436
6.188567737367278 0.2938034353930583
6.210983816820446 0.2997661497945665
6.255927776621813 0.2997512430085627
6.323623218561436 0.269878043857007
6.414126043086823 0.20417638454539033
6.481989186368987 0.15639268201030498
6.5724920108943765 0.09069102269868767
6.685410914872935 0.03095207778857878
6.798218017956468 -0.016846531532510145
6.955633678156281 -0.028839040872543187
7.067881776764669 -0.016935972248532716
7.18001807447803 0.006907431964497501
7.247154511942511 0.03673591075804161
7.381762789556556 0.060571861578070374
7.4937872863748884 0.09635560138012056
7.583451604187567 0.12020645898615268
7.718115782249126 0.13807224201167134
7.8755314424489375 0.1260797326716383
8.01064282409061 0.09618417334107732
8.123338126279112 0.06032589960900814
8.213617349014445 0.018504911475430763
8.326480352545492 -0.035263865640168035
8.439287455629021 -0.0830624749612574
8.529454877469327 -0.11294312750581459
8.642150179657829 -0.14880140123788355
8.777205660851987 -0.17272679277393488
8.867149480902231 -0.17872677414045235
8.956981500057456 -0.17278641991794985
9.046701718317646 -0.1549057301064274
9.158838016031005 -0.13106232589339717
9.248390532948658 -0.09527113269834486
9.360359129319477 -0.05351722510178458
9.449967546684636 -0.02369619970124237
9.53952006360229 0.012094993493809714
9.67396063987379 0.053841447697368316
9.808513017040323 0.08364756631190651
9.965760975897592 0.0895655603554033
10.05570479594784 0.08356557898888584
10.235704236943366 0.05962528066683115
10.393231698038207 0.03569243573777792
10.55064735823802 0.023699926397745097
10.775590759034912 -0.0002552787103138332
11.022950239284974 -0.018247769416864346
11.292613998093174 -0.018337210132886916
11.472278036403615 -0.0064565016878819215
11.741941795211815 -0.006545942403904714
12.056605414268905 -0.012620457700441179
12.461045152033691 -0.006784450979964829
12.685709050593012 -0.0008888171154739499
12.84295700945028 0.005029176928022849
13.090148788357801 0.004947189605002178
13.26981282666824 0.01682789805000695
13.49447672522756 0.022723531914498274
13.606780724283468 0.02865643274399865
13.809140344284646 0.01664901661796181
14.056388023639677 0.010596861500431265
14.281219623541539 -0.001418008018607697
