1.121335783206038 -0.5163269328967919
1.1939524855483024 -0.5575496740958787
1.2598880131652592 -0.5919660186323346
1.328862927644959 -0.6228190143277661
1.4211475902862194 -0.6442319382284025
1.5158200859432673 -0.6535972731186672
1.6322072664086198 -0.6729819222159006
1.737652246124644 -0.6828834629941123
1.8715596330275233 -0.6585365853658531
2 -0.6243902439024394
2.0825688073394506 -0.626829268292683
2.1834862385321108 -0.6634146341463416
2.2568807339449544 -0.6951219512195115
2.3119266055045875 -0.7048780487804875
2.3669724770642206 -0.6829268292682937
2.394103675656438 -0.6533717278174935
2.4557744780132875 -0.5713946856602186
2.4804427989560267 -0.4371345077270814
2.4831837235052197 -0.40798711496005025
2.4886655726036064 -0.5225728027754413
2.49962927080038 -0.37613954011307316
2.518424181994847 -0.3460228808722816
2.527038516292314 -0.301619372605364
2.533890827665296 -0.24084503456160622
2.5489659126858593 -0.20814530330109315
2.5587114221941025 -0.16770329583683763
2.5784308515896868 -0.07669576681334855
2.580029724243383 -0.1179098331931594
2.5983025545713385 -0.023357457565563067
2.6236561066513753 0.061194822986753605
2.6497475999561972 0.15308618263569906
2.6972477064220213 0.2292682926829268
2.7247706422018343 0.30975609756097566
2.7431192660550465 0.3780487804878049
2.770642201834862 0.4390243902439024
2.816286671660123 0.4866128079701183
2.8440366972477076 0.5024390243902439
2.894322405884214 0.4935053090832633
2.9357798165137616 0.4463414634146341
2.9724770642201834 0.4024390243902438
2.9908256880733948 0.36097560975609755
3.014923086048719 0.29272141205094315
3.0245163219708955 0.2585773233809925
3.0485973019388073 0.20288498362970087
3.100917431192662 0.1609756097560977
3.146788990825688 0.10975609756097549
3.183486238532109 0.07317073170731692
3.247706422018349 0.04390243902439028
3.3109429373615944 0.042780626385809484
3.43119266055046 0.07804878048780495
3.5412844036697253 0.12682926829268304
3.6788990825688064 0.20731707317073167
3.7432258948343655 0.2521232578397212
3.7878638089212275 0.2882712297624055
3.853211009174313 0.32195121951219496
3.9266055045871564 0.35609756097560974
3.9816513761467887 0.3804878048780488
4.055045871559634 0.3999999999999999
4.131654059520043 0.41017846504665767
4.238532110091743 0.3853658536585366
4.321100917431191 0.3390243902439025
4.394495412844035 0.2804878048780488
4.4495412844036695 0.23658536585365852
4.486238532110093 0.18780487804878043
4.513761467889911 0.14878048780487796
4.569575490351154 0.11910704899074842
4.599177475482442 0.08608721689895482
4.625368532285845 0.048068375619101156
4.649610487187599 0.003100425777964766
4.678272726759162 -0.03810149585486
4.703332608351787 -0.07574327165685446
4.7270872877781285 -0.10940851030277532
4.758151099335653 -0.1543440741519484
4.7800784957291995 -0.1883493657134847
4.817668318118137 -0.2267267661900756
4.8807339449541285 -0.2902439024390244
4.944954128440371 -0.34390243902438944
5.027522935779817 -0.3902439024390245
5.137614678899083 -0.42439024390243896
5.273444914583993 -0.4452571353250754
5.412844036697249 -0.41463414634146356
5.541284403669725 -0.34634146341463423
5.633027522935779 -0.2682926829268293
5.724770642201835 -0.15609756097560967
5.798165137614679 -0.06829268292682933
5.871559633027522 0.014634146341463428
5.91743119266055 0.06341463414634152
6.004025894423514 0.13933798933404695
6.036916989013833 0.17711477686877197
6.073794882948433 0.20978589875056186
6.106685977538754 0.24076502780114017
6.1724681667193915 0.2679839819558072
6.238532110091742 0.2829268292682927
6.293068846883897 0.2706337449346281
6.391742130654856 0.24637185265979822
6.441078772540336 0.2147104972666105
6.500382412786517 0.17934941031424434
6.561181102786805 0.1454324441853354
6.616497943688706 0.11036283116063927
6.6738081842627475 0.07843981167329295
6.722480359590846 0.05004054758803722
6.83577190762417 0.02968469860960954
6.950890738690288 0.005184275092023238
7.071491418854792 -0.008916249330988446
7.201489554616532 -0.00465139272698134
7.307759114995254 0.006019328967920234
7.425253414004007 0.0052980466611933785
7.546846047814886 0.005926929750033061
7.674494819677316 0.01373922413793105
7.801544734075217 0.006698128473424658
7.9144779913177965 0.003592962739074279
8.030129779935148 -0.009411699804632523
8.09796766252768 -0.02012033045976991
8.208975106770009 -0.029853477687332264
8.329880334106647 -0.05769020164865535
8.434363440853673 -0.08345612020443816
8.565980529302436 -0.10514772823509477
8.68315505378045 -0.10031835119487531
8.811795779289252 -0.09838200535330466
8.924356414109457 -0.08915107232968866
9.04286877080791 -0.06627730886298999
9.164461404618791 -0.03872203459372958
9.29067291856635 -0.00903983071361436
9.413337353685542 0.019434532153203454
9.53759259991564 0.04780234782797321
9.643026830907939 0.056255959212339945
9.764906609195403 0.07313513339874778
9.889161855425499 0.08051325120422059
10.009762535590003 0.07441879635293214
10.130363215754507 0.06527711407599979
10.25096389591901 0.04672877322425273
10.371564576083518 0.027915456074623535
10.502398041231679 0.009367115222876476
10.612765936412526 -0.0026893063307591447
10.728250224085205 -0.011512133795906987
10.854652527878834 -0.02377589930263513
10.978405271274912 -0.032088978614732255
11.095168657070545 -0.02734314271287297
11.215769337235052 -0.02494731535285566
11.336370017399556 -0.020177741990977882
11.45697069756406 -0.014745727884394766
11.577571377728567 -0.014348263437571562
11.698172057893071 -0.009578690075693785
11.818772738057575 -0.007723855990519057
11.939373418222079 -0.007988832288401193
12.059974098386586 -0.007723855990519057
12.190807563534747 -0.01159741690807703
12.301175458715594 -0.015051186672230932
12.421776138880102 -0.015316530992748767
12.542376819044605 -0.016070609373805222
12.653303647859016 -0.01304589627412489
12.781750896340817 -0.0022909744020085387
12.90417885953812 0.003897247359453182
13.024779539702624 0.00910213892499434
13.145380219867132 0.015196593776282574
13.265980900031636 0.01718391601039837
13.38658158019614 0.020363631584983555
13.507182260360644 0.021423536776512098
13.627782940525151 0.02248344196804042
13.748383620689655 0.017581380457221574
13.868984300854159 0.010849720699121823
13.989584981018666 0.006187399648291292
14.11018566118317 0.0004904092438260399
14.230786341347674 -0.003351747075464484
14.329459625118634 -0.01158257332842716
